function data()
return { 
		times = { 0, 41.667000000000001591615728102624416351318359375, 83.332999999999998408384271897375583648681640625, 125, 166.667000000000001591615728102624416351318359375, 208.332999999999998408384271897375583648681640625, 250, 291.66699999999997316990629769861698150634765625, 333.33300000000002683009370230138301849365234375, 375, 416.66699999999997316990629769861698150634765625, 458.33300000000002683009370230138301849365234375, 500, 541.6670000000000300133251585066318511962890625, 583.3329999999999699866748414933681488037109375, 625, 666.6670000000000300133251585066318511962890625, 708.3329999999999699866748414933681488037109375, 750, 791.6670000000000300133251585066318511962890625, 833.3329999999999699866748414933681488037109375, 875, 916.6670000000000300133251585066318511962890625, 958.3329999999999699866748414933681488037109375, 1000, 1041.66699999999991632648743689060211181640625, 1083.33300000000008367351256310939788818359375, 1125, 1166.66699999999991632648743689060211181640625, 1208.33300000000008367351256310939788818359375, 1250, 1291.66699999999991632648743689060211181640625, 1333.33300000000008367351256310939788818359375, 1375, 1416.66699999999991632648743689060211181640625, 1458.33300000000008367351256310939788818359375, 1500, 1541.66699999999991632648743689060211181640625, 1583.33300000000008367351256310939788818359375, 1625, 1666.66699999999991632648743689060211181640625, 1708.33300000000008367351256310939788818359375, 1750, 1791.66699999999991632648743689060211181640625, 1833.33300000000008367351256310939788818359375, 1875, 1916.66699999999991632648743689060211181640625, 1958.33300000000008367351256310939788818359375, 2000, 2041.66699999999991632648743689060211181640625, 2083.33300000000008367351256310939788818359375, 2125, 2166.66699999999991632648743689060211181640625, 2208.33300000000008367351256310939788818359375, 2250, 2291.66699999999991632648743689060211181640625, 2333.33300000000008367351256310939788818359375, 2375, 2416.66699999999991632648743689060211181640625, 2458.33300000000008367351256310939788818359375, 2500, 2541.66699999999991632648743689060211181640625, 2583.33300000000008367351256310939788818359375, 2625, 2666.66699999999991632648743689060211181640625, 2708.33300000000008367351256310939788818359375, 2750, 2791.66699999999991632648743689060211181640625, 2833.33300000000008367351256310939788818359375, 2875, 2916.66699999999991632648743689060211181640625, 2958.33300000000008367351256310939788818359375, 3000, 3041.66699999999991632648743689060211181640625, 3083.33300000000008367351256310939788818359375, 3125, 3166.66699999999991632648743689060211181640625, 3208.33300000000008367351256310939788818359375, 3250, 3291.66699999999991632648743689060211181640625, 3333.33300000000008367351256310939788818359375, 3375, 3416.66699999999991632648743689060211181640625, 3458.33300000000008367351256310939788818359375, 3500, 3541.66699999999991632648743689060211181640625, 3583.33300000000008367351256310939788818359375, 3625, 3666.66699999999991632648743689060211181640625, 3708.33300000000008367351256310939788818359375, 3750, 3791.66699999999991632648743689060211181640625, 3833.33300000000008367351256310939788818359375, 3875, 3916.66699999999991632648743689060211181640625, 3958.33300000000008367351256310939788818359375, 4000, 4041.66699999999991632648743689060211181640625, 4083.33300000000008367351256310939788818359375, 4125, 4166.6670000000003710738383233547210693359375, },
		transfs = {
			{ 1, 0, 0, 0, 0, 1, 0, 0, 0, 0, 1, 0, 0, 0, 0, 1, },
			{ 0.99999988079071044921875, 0, -0.00032241572625935077667236328125, 0, 0, 1, 0, 0, 0.00032241572625935077667236328125, 0, 0.99999988079071044921875, 0, -0.00304519641213119029998779296875, 0, 0, 1, },
			{ 0.99999916553497314453125, 0, -0.001280960743315517902374267578125, 0, 0, 1, 0, 0, 0.001280960743315517902374267578125, 0, 0.99999916553497314453125, 0, -0.011603240855038166046142578125, 0, 0, 1, },
			{ 0.999995887279510498046875, 0, -0.002862579189240932464599609375, 0, 0, 1, 0, 0, 0.002862579189240932464599609375, 0, 0.999995887279510498046875, 0, -0.02480804361402988433837890625, 0, 0, 1, },
			{ 0.99998724460601806640625, 0, -0.0050542070530354976654052734375, 0, 0, 1, 0, 0, 0.0050542070530354976654052734375, 0, 0.99998724460601806640625, 0, -0.0417938232421875, 0, 0, 1, },
			{ 0.9999692440032958984375, 0, -0.007842767052352428436279296875, 0, 0, 1, 0, 0, 0.007842767052352428436279296875, 0, 0.9999692440032958984375, 0, -0.06169448792934417724609375, 0, 0, 1, },
			{ 0.999937117099761962890625, 0, -0.011215147562325000762939453125, 0, 0, 1, 0, 0, 0.011215147562325000762939453125, 0, 0.999937117099761962890625, 0, -0.08364425599575042724609375, 0, 0, 1, },
			{ 0.999885082244873046875, 0, -0.015158209018409252166748046875, 0, 0, 1, 0, 0, 0.015158209018409252166748046875, 0, 0.999885082244873046875, 0, -0.106777191162109375, 0, 0, 1, },
			{ 0.999806702136993408203125, 0, -0.01965873874723911285400390625, 0, 0, 1, 0, 0, 0.01965873874723911285400390625, 0, 0.999806702136993408203125, 0, -0.13022689521312713623046875, 0, 0, 1, },
			{ 0.999694764614105224609375, 0, -0.02470347471535205841064453125, 0, 0, 1, 0, 0, 0.02470347471535205841064453125, 0, 0.999694764614105224609375, 0, -0.15312789380550384521484375, 0, 0, 1, },
			{ 0.99954140186309814453125, 0, -0.03027904964983463287353515625, 0, 0, 1, 0, 0, 0.03027904964983463287353515625, 0, 0.99954140186309814453125, 0, -0.17461378872394561767578125, 0, 0, 1, },
			{ 0.999338448047637939453125, 0, -0.0363684333860874176025390625, 0, 0, 1, 0, 0, 0.0363684333860874176025390625, 0, 0.999338448047637939453125, 0, -0.19397078454494476318359375, 0, 0, 1, },
			{ 0.999077618122100830078125, 0, -0.0429402291774749755859375, 0, 0, 1, 0, 0, 0.0429402291774749755859375, 0, 0.999077618122100830078125, 0, -0.21109358966350555419921875, 0, 0, 1, },
			{ 0.998751163482666015625, 0, -0.049959383904933929443359375, 0, 0, 1, 0, 0, 0.049959383904933929443359375, 0, 0.998751163482666015625, 0, -0.22602798044681549072265625, 0, 0, 1, },
			{ 0.9983518123626708984375, 0, -0.057390682399272918701171875, 0, 0, 1, 0, 0, 0.057390682399272918701171875, 0, 0.9983518123626708984375, 0, -0.2388207912445068359375, 0, 0, 1, },
			{ 0.997872292995452880859375, 0, -0.065198875963687896728515625, 0, 0, 1, 0, 0, 0.065198875963687896728515625, 0, 0.997872292995452880859375, 0, -0.24951827526092529296875, 0, 0, 1, },
			{ 0.997306287288665771484375, 0, -0.07334856688976287841796875, 0, 0, 1, 0, 0, 0.07334856688976287841796875, 0, 0.997306287288665771484375, 0, -0.2581666409969329833984375, 0, 0, 1, },
			{ 0.99664843082427978515625, 0, -0.081804268062114715576171875, 0, 0, 1, 0, 0, 0.081804268062114715576171875, 0, 0.99664843082427978515625, 0, -0.264812469482421875, 0, 0, 1, },
			{ 0.99589359760284423828125, 0, -0.0905304849147796630859375, 0, 0, 1, 0, 0, 0.0905304849147796630859375, 0, 0.99589359760284423828125, 0, -0.2695019543170928955078125, 0, 0, 1, },
			{ 0.995038330554962158203125, 0, -0.09949161112308502197265625, 0, 0, 1, 0, 0, 0.09949161112308502197265625, 0, 0.995038330554962158203125, 0, -0.2713499367237091064453125, 0, 0, 1, },
			{ 0.9940798282623291015625, 0, -0.108652047812938690185546875, 0, 0, 1, 0, 0, 0.108652047812938690185546875, 0, 0.9940798282623291015625, 0, -0.2731980979442596435546875, 0, 0, 1, },
			{ 0.99301636219024658203125, 0, -0.1179762184619903564453125, 0, 0, 1, 0, 0, 0.1179762184619903564453125, 0, 0.99301636219024658203125, 0, -0.272868812084197998046875, 0, 0, 1, },
			{ 0.9918477535247802734375, 0, -0.127428352832794189453125, 0, 0, 1, 0, 0, 0.127428352832794189453125, 0, 0.9918477535247802734375, 0, -0.272539675235748291015625, 0, 0, 1, },
			{ 0.99057483673095703125, 0, -0.1369728147983551025390625, 0, 0, 1, 0, 0, 0.1369728147983551025390625, 0, 0.99057483673095703125, 0, -0.2722103893756866455078125, 0, 0, 1, },
			{ 0.989199697971343994140625, 0, -0.14657400548458099365234375, 0, 0, 1, 0, 0, 0.14657400548458099365234375, 0, 0.989199697971343994140625, 0, -0.271881103515625, 0, 0, 1, },
			{ 0.9877259731292724609375, 0, -0.15619654953479766845703125, 0, 0, 1, 0, 0, 0.15619654953479766845703125, 0, 0.9877259731292724609375, 0, -0.27155196666717529296875, 0, 0, 1, },
			{ 0.986158549785614013671875, 0, -0.16580511629581451416015625, 0, 0, 1, 0, 0, 0.16580511629581451416015625, 0, 0.986158549785614013671875, 0, -0.2712226808071136474609375, 0, 0, 1, },
			{ 0.9845035076141357421875, 0, -0.1753647625446319580078125, 0, 0, 1, 0, 0, 0.1753647625446319580078125, 0, 0.9845035076141357421875, 0, -0.2708935439586639404296875, 0, 0, 1, },
			{ 0.982768535614013671875, 0, -0.18484060466289520263671875, 0, 0, 1, 0, 0, 0.18484060466289520263671875, 0, 0.982768535614013671875, 0, -0.270564258098602294921875, 0, 0, 1, },
			{ 0.980962336063385009765625, 0, -0.1941982209682464599609375, 0, 0, 1, 0, 0, 0.1941982209682464599609375, 0, 0.980962336063385009765625, 0, -0.2702349722385406494140625, 0, 0, 1, },
			{ 0.979095041751861572265625, 0, -0.203403294086456298828125, 0, 0, 1, 0, 0, 0.203403294086456298828125, 0, 0.979095041751861572265625, 0, -0.2699058353900909423828125, 0, 0, 1, },
			{ 0.977178037166595458984375, 0, -0.21242187917232513427734375, 0, 0, 1, 0, 0, 0.21242187917232513427734375, 0, 0.977178037166595458984375, 0, -0.269576549530029296875, 0, 0, 1, },
			{ 0.975224018096923828125, 0, -0.2212196886539459228515625, 0, 0, 1, 0, 0, 0.2212196886539459228515625, 0, 0.975224018096923828125, 0, -0.265285015106201171875, 0, 0, 1, },
			{ 0.973246634006500244140625, 0, -0.22976283729076385498046875, 0, 0, 1, 0, 0, 0.22976283729076385498046875, 0, 0.973246634006500244140625, 0, -0.258766472339630126953125, 0, 0, 1, },
			{ 0.971260845661163330078125, 0, -0.23801766335964202880859375, 0, 0, 1, 0, 0, 0.23801766335964202880859375, 0, 0.971260845661163330078125, 0, -0.25024902820587158203125, 0, 0, 1, },
			{ 0.96928226947784423828125, 0, -0.245950877666473388671875, 0, 0, 1, 0, 0, 0.245950877666473388671875, 0, 0.96928226947784423828125, 0, -0.239959716796875, 0, 0, 1, },
			{ 0.967327594757080078125, 0, -0.2535296976566314697265625, 0, 0, 1, 0, 0, 0.2535296976566314697265625, 0, 0.967327594757080078125, 0, -0.22812591493129730224609375, 0, 0, 1, },
			{ 0.965414106845855712890625, 0, -0.260721266269683837890625, 0, 0, 1, 0, 0, 0.260721266269683837890625, 0, 0.965414106845855712890625, 0, -0.2149749696254730224609375, 0, 0, 1, },
			{ 0.963559627532958984375, 0, -0.2674933969974517822265625, 0, 0, 1, 0, 0, 0.2674933969974517822265625, 0, 0.963559627532958984375, 0, -0.20073409378528594970703125, 0, 0, 1, },
			{ 0.96178257465362548828125, 0, -0.2738141119480133056640625, 0, 0, 1, 0, 0, 0.2738141119480133056640625, 0, 0.96178257465362548828125, 0, -0.18563079833984375, 0, 0, 1, },
			{ 0.960101544857025146484375, 0, -0.2796513736248016357421875, 0, 0, 1, 0, 0, 0.2796513736248016357421875, 0, 0.960101544857025146484375, 0, -0.1698925793170928955078125, 0, 0, 1, },
			{ 0.95853424072265625, 0, -0.2849774658679962158203125, 0, 0, 1, 0, 0, 0.2849774658679962158203125, 0, 0.95853424072265625, 0, -0.15371276438236236572265625, 0, 0, 1, },
			{ 0.957093179225921630859375, 0, -0.28978025913238525390625, 0, 0, 1, 0, 0, 0.28978025913238525390625, 0, 0.957093179225921630859375, 0, -0.137149810791015625, 0, 0, 1, },
			{ 0.9557895660400390625, 0, -0.294051468372344970703125, 0, 0, 1, 0, 0, 0.294051468372344970703125, 0, 0.9557895660400390625, 0, -0.120227657258510589599609375, 0, 0, 1, },
			{ 0.954633653163909912109375, 0, -0.2977826595306396484375, 0, 0, 1, 0, 0, 0.2977826595306396484375, 0, 0.954633653163909912109375, 0, -0.1029713451862335205078125, 0, 0, 1, },
			{ 0.95363521575927734375, 0, -0.3009649813175201416015625, 0, 0, 1, 0, 0, 0.3009649813175201416015625, 0, 0.95363521575927734375, 0, -0.085404969751834869384765625, 0, 0, 1, },
			{ 0.95280277729034423828125, 0, -0.30358982086181640625, 0, 0, 1, 0, 0, 0.30358982086181640625, 0, 0.95280277729034423828125, 0, -0.067553095519542694091796875, 0, 0, 1, },
			{ 0.95214450359344482421875, 0, -0.3056479990482330322265625, 0, 0, 1, 0, 0, 0.3056479990482330322265625, 0, 0.95214450359344482421875, 0, -0.049440152943134307861328125, 0, 0, 1, },
			{ 0.951667487621307373046875, 0, -0.30713021755218505859375, 0, 0, 1, 0, 0, 0.30713021755218505859375, 0, 0.951667487621307373046875, 0, -0.03109054453670978546142578125, 0, 0, 1, },
			{ 0.951377570629119873046875, 0, -0.308026850223541259765625, 0, 0, 1, 0, 0, 0.308026850223541259765625, 0, 0.951377570629119873046875, 0, -0.01252868585288524627685546875, 0, 0, 1, },
			{ 0.951378047466278076171875, 0, -0.3080255091190338134765625, 0, 0, 1, 0, 0, 0.3080255091190338134765625, 0, 0.951378047466278076171875, 0, 0.0062210080213844776153564453125, 0, 0, 1, },
			{ 0.951378524303436279296875, 0, -0.3080241382122039794921875, 0, 0, 1, 0, 0, 0.3080241382122039794921875, 0, 0.951378524303436279296875, 0, 0.0251338183879852294921875, 0, 0, 1, },
			{ 0.95167076587677001953125, 0, -0.3071201145648956298828125, 0, 0, 1, 0, 0, 0.3071201145648956298828125, 0, 0.95167076587677001953125, 0, 0.0441822819411754608154296875, 0, 0, 1, },
			{ 0.952151238918304443359375, 0, -0.30562722682952880859375, 0, 0, 1, 0, 0, 0.30562722682952880859375, 0, 0.952151238918304443359375, 0, 0.063339687883853912353515625, 0, 0, 1, },
			{ 0.9528133869171142578125, 0, -0.3035567104816436767578125, 0, 0, 1, 0, 0, 0.3035567104816436767578125, 0, 0.9528133869171142578125, 0, 0.082578279078006744384765625, 0, 0, 1, },
			{ 0.95364964008331298828125, 0, -0.3009190857410430908203125, 0, 0, 1, 0, 0, 0.3009190857410430908203125, 0, 0.95364964008331298828125, 0, 0.101870723068714141845703125, 0, 0, 1, },
			{ 0.954651653766632080078125, 0, -0.2977248728275299072265625, 0, 0, 1, 0, 0, 0.2977248728275299072265625, 0, 0.954651653766632080078125, 0, 0.121190488338470458984375, 0, 0, 1, },
			{ 0.95581018924713134765625, 0, -0.2939842045307159423828125, 0, 0, 1, 0, 0, 0.2939842045307159423828125, 0, 0.95581018924713134765625, 0, 0.14050902426242828369140625, 0, 0, 1, },
			{ 0.95711529254913330078125, 0, -0.289707243442535400390625, 0, 0, 1, 0, 0, 0.289707243442535400390625, 0, 0.95711529254913330078125, 0, 0.15979979932308197021484375, 0, 0, 1, },
			{ 0.95855605602264404296875, 0, -0.284903943538665771484375, 0, 0, 1, 0, 0, 0.284903943538665771484375, 0, 0.95855605602264404296875, 0, 0.17903457581996917724609375, 0, 0, 1, },
			{ 0.960121214389801025390625, 0, -0.279583871364593505859375, 0, 0, 1, 0, 0, 0.279583871364593505859375, 0, 0.960121214389801025390625, 0, 0.19818724691867828369140625, 0, 0, 1, },
			{ 0.9617979526519775390625, 0, -0.2737601101398468017578125, 0, 0, 1, 0, 0, 0.2737601101398468017578125, 0, 0.9617979526519775390625, 0, 0.21717421710491180419921875, 0, 0, 1, },
			{ 0.963569223880767822265625, 0, -0.2674590647220611572265625, 0, 0, 1, 0, 0, 0.2674590647220611572265625, 0, 0.963569223880767822265625, 0, 0.2356912195682525634765625, 0, 0, 1, },
			{ 0.965416967868804931640625, 0, -0.2607104778289794921875, 0, 0, 1, 0, 0, 0.2607104778289794921875, 0, 0.965416967868804931640625, 0, 0.2533781230449676513671875, 0, 0, 1, },
			{ 0.967323780059814453125, 0, -0.2535443603992462158203125, 0, 0, 1, 0, 0, 0.2535443603992462158203125, 0, 0.967323780059814453125, 0, 0.26987457275390625, 0, 0, 1, },
			{ 0.969272136688232421875, 0, -0.24599100649356842041015625, 0, 0, 1, 0, 0, 0.24599100649356842041015625, 0, 0.969272136688232421875, 0, 0.2848207056522369384765625, 0, 0, 1, },
			{ 0.971245288848876953125, 0, -0.2380809485912322998046875, 0, 0, 1, 0, 0, 0.2380809485912322998046875, 0, 0.971245288848876953125, 0, 0.2978568971157073974609375, 0, 0, 1, },
			{ 0.9732272624969482421875, 0, -0.22984491288661956787109375, 0, 0, 1, 0, 0, 0.22984491288661956787109375, 0, 0.9732272624969482421875, 0, 0.30862319469451904296875, 0, 0, 1, },
			{ 0.9752025604248046875, 0, -0.22131407260894775390625, 0, 0, 1, 0, 0, 0.22131407260894775390625, 0, 0.9752025604248046875, 0, 0.3167588710784912109375, 0, 0, 1, },
			{ 0.977156698703765869140625, 0, -0.21251995861530303955078125, 0, 0, 1, 0, 0, 0.21251995861530303955078125, 0, 0.977156698703765869140625, 0, 0.321904122829437255859375, 0, 0, 1, },
			{ 0.9790761470794677734375, 0, -0.20349432528018951416015625, 0, 0, 1, 0, 0, 0.20349432528018951416015625, 0, 0.9790761470794677734375, 0, 0.321455061435699462890625, 0, 0, 1, },
			{ 0.98094809055328369140625, 0, -0.19427002966403961181640625, 0, 0, 1, 0, 0, 0.19427002966403961181640625, 0, 0.98094809055328369140625, 0, 0.321006000041961669921875, 0, 0, 1, },
			{ 0.98276054859161376953125, 0, -0.18488259613513946533203125, 0, 0, 1, 0, 0, 0.18488259613513946533203125, 0, 0.98276054859161376953125, 0, 0.3205570876598358154296875, 0, 0, 1, },
			{ 0.9845027923583984375, 0, -0.17536886036396026611328125, 0, 0, 1, 0, 0, 0.17536886036396026611328125, 0, 0.9845027923583984375, 0, 0.3201080262660980224609375, 0, 0, 1, },
			{ 0.98616516590118408203125, 0, -0.16576583683490753173828125, 0, 0, 1, 0, 0, 0.16576583683490753173828125, 0, 0.98616516590118408203125, 0, 0.3196589648723602294921875, 0, 0, 1, },
			{ 0.98773956298828125, 0, -0.15611083805561065673828125, 0, 0, 1, 0, 0, 0.15611083805561065673828125, 0, 0.98773956298828125, 0, 0.3192099034786224365234375, 0, 0, 1, },
			{ 0.989219367504119873046875, 0, -0.14644138514995574951171875, 0, 0, 1, 0, 0, 0.14644138514995574951171875, 0, 0.989219367504119873046875, 0, 0.31876099109649658203125, 0, 0, 1, },
			{ 0.99059927463531494140625, 0, -0.136795341968536376953125, 0, 0, 1, 0, 0, 0.136795341968536376953125, 0, 0.99059927463531494140625, 0, 0.3183118999004364013671875, 0, 0, 1, },
			{ 0.99187564849853515625, 0, -0.1272106468677520751953125, 0, 0, 1, 0, 0, 0.1272106468677520751953125, 0, 0.99187564849853515625, 0, 0.3178628385066986083984375, 0, 0, 1, },
			{ 0.99304616451263427734375, 0, -0.117725469172000885009765625, 0, 0, 1, 0, 0, 0.117725469172000885009765625, 0, 0.99304616451263427734375, 0, 0.3174137771129608154296875, 0, 0, 1, },
			{ 0.99410974979400634765625, 0, -0.10837806761264801025390625, 0, 0, 1, 0, 0, 0.10837806761264801025390625, 0, 0.99410974979400634765625, 0, 0.3169648647308349609375, 0, 0, 1, },
			{ 0.995066940784454345703125, 0, -0.099205993115901947021484375, 0, 0, 1, 0, 0, 0.099205993115901947021484375, 0, 0.995066940784454345703125, 0, 0.31651580333709716796875, 0, 0, 1, },
			{ 0.995919644832611083984375, 0, -0.090244077146053314208984375, 0, 0, 1, 0, 0, 0.090244077146053314208984375, 0, 0.995919644832611083984375, 0, 0.316066741943359375, 0, 0, 1, },
			{ 0.996671140193939208984375, 0, -0.08152623474597930908203125, 0, 0, 1, 0, 0, 0.08152623474597930908203125, 0, 0.996671140193939208984375, 0, 0.3090228140354156494140625, 0, 0, 1, },
			{ 0.997325599193572998046875, 0, -0.073086403310298919677734375, 0, 0, 1, 0, 0, 0.073086403310298919677734375, 0, 0.997325599193572998046875, 0, 0.29946196079254150390625, 0, 0, 1, },
			{ 0.997887909412384033203125, 0, -0.0649585425853729248046875, 0, 0, 1, 0, 0, 0.0649585425853729248046875, 0, 0.997887909412384033203125, 0, 0.2874603271484375, 0, 0, 1, },
			{ 0.99836409091949462890625, 0, -0.0571764297783374786376953125, 0, 0, 1, 0, 0, 0.0571764297783374786376953125, 0, 0.99836409091949462890625, 0, 0.2730935513973236083984375, 0, 0, 1, },
			{ 0.9987604618072509765625, 0, -0.0497738234698772430419921875, 0, 0, 1, 0, 0, 0.0497738234698772430419921875, 0, 0.9987604618072509765625, 0, 0.2564385831356048583984375, 0, 0, 1, },
			{ 0.999084293842315673828125, 0, -0.0427843593060970306396484375, 0, 0, 1, 0, 0, 0.0427843593060970306396484375, 0, 0.999084293842315673828125, 0, 0.23757140338420867919921875, 0, 0, 1, },
			{ 0.99934303760528564453125, 0, -0.0362415723502635955810546875, 0, 0, 1, 0, 0, 0.0362415723502635955810546875, 0, 0.99934303760528564453125, 0, 0.21656860411167144775390625, 0, 0, 1, },
			{ 0.999544441699981689453125, 0, -0.03017887659370899200439453125, 0, 0, 1, 0, 0, 0.03017887659370899200439453125, 0, 0.999544441699981689453125, 0, 0.193505704402923583984375, 0, 0, 1, },
			{ 0.9996967315673828125, 0, -0.0246263407170772552490234375, 0, 0, 1, 0, 0, 0.0246263407170772552490234375, 0, 0.9996967315673828125, 0, 0.1685931384563446044921875, 0, 0, 1, },
			{ 0.999807834625244140625, 0, -0.019600965082645416259765625, 0, 0, 1, 0, 0, 0.019600965082645416259765625, 0, 0.999807834625244140625, 0, 0.14257521927356719970703125, 0, 0, 1, },
			{ 0.99988567829132080078125, 0, -0.01511640287935733795166015625, 0, 0, 1, 0, 0, 0.01511640287935733795166015625, 0, 0.99988567829132080078125, 0, 0.1163293421268463134765625, 0, 0, 1, },
			{ 0.99993741512298583984375, 0, -0.011186218820512294769287109375, 0, 0, 1, 0, 0, 0.011186218820512294769287109375, 0, 0.99993741512298583984375, 0, 0.090734861791133880615234375, 0, 0, 1, },
			{ 0.99996936321258544921875, 0, -0.00782391242682933807373046875, 0, 0, 1, 0, 0, 0.00782391242682933807373046875, 0, 0.99996936321258544921875, 0, 0.066668696701526641845703125, 0, 0, 1, },
			{ 0.999987304210662841796875, 0, -0.00504293479025363922119140625, 0, 0, 1, 0, 0, 0.00504293479025363922119140625, 0, 0.999987304210662841796875, 0, 0.045009613037109375, 0, 0, 1, },
			{ 0.999995887279510498046875, 0, -0.00285668182186782360076904296875, 0, 0, 1, 0, 0, 0.00285668182186782360076904296875, 0, 0.999995887279510498046875, 0, 0.02663513086736202239990234375, 0, 0, 1, },
			{ 0.99999916553497314453125, 0, -0.0012785368598997592926025390625, 0, 0, 1, 0, 0, 0.0012785368598997592926025390625, 0, 0.99999916553497314453125, 0, 0.012422942556440830230712890625, 0, 0, 1, },
			{ 0.99999988079071044921875, 0, -0.00032185696181841194629669189453125, 0, 0, 1, 0, 0, 0.00032185696181841194629669189453125, 0, 0.99999988079071044921875, 0, 0.00325195305049419403076171875, 0, 0, 1, },
			{ 1, 0, 0, 0, 0, 1, 0, 0, 0, 0, 1, 0, 0, 0, 0, 1, },
		},
	}
end