function data()
return { 
		times = { 0, 41.667000000000001591615728102624416351318359375, 83.332999999999998408384271897375583648681640625, 125, 166.667000000000001591615728102624416351318359375, 208.332999999999998408384271897375583648681640625, 250, 291.66699999999997316990629769861698150634765625, 333.33300000000002683009370230138301849365234375, 375, 416.66699999999997316990629769861698150634765625, 458.33300000000002683009370230138301849365234375, 500, 541.6670000000000300133251585066318511962890625, 583.3329999999999699866748414933681488037109375, 625, 666.6670000000000300133251585066318511962890625, 708.3329999999999699866748414933681488037109375, 750, 791.6670000000000300133251585066318511962890625, 833.3329999999999699866748414933681488037109375, 875, 916.6670000000000300133251585066318511962890625, 958.3329999999999699866748414933681488037109375, 1000, 1041.66699999999991632648743689060211181640625, 1083.33300000000008367351256310939788818359375, 1125, 1166.66699999999991632648743689060211181640625, 1208.33300000000008367351256310939788818359375, 1250, 1291.66699999999991632648743689060211181640625, 1333.33300000000008367351256310939788818359375, 1375, 1416.66699999999991632648743689060211181640625, 1458.33300000000008367351256310939788818359375, 1500, 1541.66699999999991632648743689060211181640625, 1583.33300000000008367351256310939788818359375, 1625, 1666.66699999999991632648743689060211181640625, 1708.33300000000008367351256310939788818359375, 1750, 1791.66699999999991632648743689060211181640625, 1833.33300000000008367351256310939788818359375, 1875, 1916.66699999999991632648743689060211181640625, 1958.33300000000008367351256310939788818359375, 2000, 2041.66699999999991632648743689060211181640625, 2083.33300000000008367351256310939788818359375, 2125, 2166.66699999999991632648743689060211181640625, 2208.33300000000008367351256310939788818359375, 2250, 2291.66699999999991632648743689060211181640625, 2333.33300000000008367351256310939788818359375, 2375, 2416.66699999999991632648743689060211181640625, 2458.33300000000008367351256310939788818359375, 2500, 2541.66699999999991632648743689060211181640625, 2583.33300000000008367351256310939788818359375, 2625, 2666.66699999999991632648743689060211181640625, 2708.33300000000008367351256310939788818359375, 2750, 2791.66699999999991632648743689060211181640625, 2833.33300000000008367351256310939788818359375, 2875, 2916.66699999999991632648743689060211181640625, 2958.33300000000008367351256310939788818359375, 3000, 3041.66699999999991632648743689060211181640625, 3083.33300000000008367351256310939788818359375, 3125, 3166.66699999999991632648743689060211181640625, 3208.33300000000008367351256310939788818359375, 3250, 3291.66699999999991632648743689060211181640625, 3333.33300000000008367351256310939788818359375, 3375, 3416.66699999999991632648743689060211181640625, 3458.33300000000008367351256310939788818359375, 3500, 3541.66699999999991632648743689060211181640625, 3583.33300000000008367351256310939788818359375, 3625, 3666.66699999999991632648743689060211181640625, 3708.33300000000008367351256310939788818359375, 3750, 3791.66699999999991632648743689060211181640625, 3833.33300000000008367351256310939788818359375, 3875, 3916.66699999999991632648743689060211181640625, 3958.33300000000008367351256310939788818359375, 4000, 4041.66699999999991632648743689060211181640625, 4083.33300000000008367351256310939788818359375, 4125, 4166.6670000000003710738383233547210693359375, },
		transfs = {
			{ 1, 0, 0, 0, 0, 1, 0, 0, 0, 0, 1, 0, 0, 0, 0, 1, },
			{ 0.99999988079071044921875, 0, 0.00034501307527534663677215576171875, 0, 0, 1, 0, 0, -0.00034501307527534663677215576171875, 0, 0.99999988079071044921875, 0, 0.0101809687912464141845703125, 0, 0, 1, },
			{ 0.99999904632568359375, 0, 0.0013579153455793857574462890625, 0, 0, 1, 0, 0, -0.0013579153455793857574462890625, 0, 0.99999904632568359375, 0, 0.033716581761837005615234375, 0, 0, 1, },
			{ 0.999995410442352294921875, 0, 0.0030054985545575618743896484375, 0, 0, 1, 0, 0, -0.0030054985545575618743896484375, 0, 0.999995410442352294921875, 0, 0.0600962825119495391845703125, 0, 0, 1, },
			{ 0.999986171722412109375, 0, 0.005254545249044895172119140625, 0, 0, 1, 0, 0, -0.005254545249044895172119140625, 0, 0.999986171722412109375, 0, 0.081286616623401641845703125, 0, 0, 1, },
			{ 0.999967396259307861328125, 0, 0.00807182304561138153076171875, 0, 0, 1, 0, 0, -0.00807182304561138153076171875, 0, 0.999967396259307861328125, 0, 0.099169157445430755615234375, 0, 0, 1, },
			{ 0.999934673309326171875, 0, 0.011429321952164173126220703125, 0, 0, 1, 0, 0, -0.011429321952164173126220703125, 0, 0.999934673309326171875, 0, 0.117308653891086578369140625, 0, 0, 1, },
			{ 0.999882638454437255859375, 0, 0.01532001607120037078857421875, 0, 0, 1, 0, 0, -0.01532001607120037078857421875, 0, 0.999882638454437255859375, 0, 0.136086881160736083984375, 0, 0, 1, },
			{ 0.999805033206939697265625, 0, 0.019742079079151153564453125, 0, 0, 1, 0, 0, -0.019742079079151153564453125, 0, 0.999805033206939697265625, 0, 0.15509246289730072021484375, 0, 0, 1, },
			{ 0.9996950626373291015625, 0, 0.02469359524548053741455078125, 0, 0, 1, 0, 0, -0.02469359524548053741455078125, 0, 0.9996950626373291015625, 0, 0.17391173541545867919921875, 0, 0, 1, },
			{ 0.999544680118560791015625, 0, 0.03017260693013668060302734375, 0, 0, 1, 0, 0, -0.03017260693013668060302734375, 0, 0.999544680118560791015625, 0, 0.19213287532329559326171875, 0, 0, 1, },
			{ 0.9993455410003662109375, 0, 0.0361717380583286285400390625, 0, 0, 1, 0, 0, -0.0361717380583286285400390625, 0, 0.9993455410003662109375, 0, 0.20941238105297088623046875, 0, 0, 1, },
			{ 0.999089539051055908203125, 0, 0.0426625199615955352783203125, 0, 0, 1, 0, 0, -0.0426625199615955352783203125, 0, 0.999089539051055908203125, 0, 0.22568465769290924072265625, 0, 0, 1, },
			{ 0.9987685680389404296875, 0, 0.0496110804378986358642578125, 0, 0, 1, 0, 0, -0.0496110804378986358642578125, 0, 0.9987685680389404296875, 0, 0.24095489084720611572265625, 0, 0, 1, },
			{ 0.998375117778778076171875, 0, 0.05698339641094207763671875, 0, 0, 1, 0, 0, -0.05698339641094207763671875, 0, 0.998375117778778076171875, 0, 0.2552270591259002685546875, 0, 0, 1, },
			{ 0.99790179729461669921875, 0, 0.064745418727397918701171875, 0, 0, 1, 0, 0, -0.064745418727397918701171875, 0, 0.99790179729461669921875, 0, 0.2685052454471588134765625, 0, 0, 1, },
			{ 0.99734199047088623046875, 0, 0.07286293804645538330078125, 0, 0, 1, 0, 0, -0.07286293804645538330078125, 0, 0.99734199047088623046875, 0, 0.2807790935039520263671875, 0, 0, 1, },
			{ 0.996689498424530029296875, 0, 0.081301681697368621826171875, 0, 0, 1, 0, 0, -0.081301681697368621826171875, 0, 0.996689498424530029296875, 0, 0.291978299617767333984375, 0, 0, 1, },
			{ 0.995939314365386962890625, 0, 0.090027265250682830810546875, 0, 0, 1, 0, 0, -0.090027265250682830810546875, 0, 0.995939314365386962890625, 0, 0.302016913890838623046875, 0, 0, 1, },
			{ 0.9950869083404541015625, 0, 0.099005281925201416015625, 0, 0, 1, 0, 0, -0.099005281925201416015625, 0, 0.9950869083404541015625, 0, 0.310809791088104248046875, 0, 0, 1, },
			{ 0.994129002094268798828125, 0, 0.108201228082180023193359375, 0, 0, 1, 0, 0, -0.108201228082180023193359375, 0, 0.994129002094268798828125, 0, 0.318271338939666748046875, 0, 0, 1, },
			{ 0.993063390254974365234375, 0, 0.11757980287075042724609375, 0, 0, 1, 0, 0, -0.11757980287075042724609375, 0, 0.993063390254974365234375, 0, 0.324334561824798583984375, 0, 0, 1, },
			{ 0.991889655590057373046875, 0, 0.12710206210613250732421875, 0, 0, 1, 0, 0, -0.12710206210613250732421875, 0, 0.991889655590057373046875, 0, 0.328323066234588623046875, 0, 0, 1, },
			{ 0.990608513355255126953125, 0, 0.13672833144664764404296875, 0, 0, 1, 0, 0, -0.13672833144664764404296875, 0, 0.990608513355255126953125, 0, 0.3323115408420562744140625, 0, 0, 1, },
			{ 0.98922264575958251953125, 0, 0.146418988704681396484375, 0, 0, 1, 0, 0, -0.146418988704681396484375, 0, 0.98922264575958251953125, 0, 0.33143889904022216796875, 0, 0, 1, },
			{ 0.987735748291015625, 0, 0.15613460540771484375, 0, 0, 1, 0, 0, -0.15613460540771484375, 0, 0.987735748291015625, 0, 0.33056640625, 0, 0, 1, },
			{ 0.9861533641815185546875, 0, 0.16583590209484100341796875, 0, 0, 1, 0, 0, -0.16583590209484100341796875, 0, 0.9861533641815185546875, 0, 0.329693734645843505859375, 0, 0, 1, },
			{ 0.984482288360595703125, 0, 0.17548395693302154541015625, 0, 0, 1, 0, 0, -0.17548395693302154541015625, 0, 0.984482288360595703125, 0, 0.328821241855621337890625, 0, 0, 1, },
			{ 0.982730925083160400390625, 0, 0.1850399672985076904296875, 0, 0, 1, 0, 0, -0.1850399672985076904296875, 0, 0.982730925083160400390625, 0, 0.3279486000537872314453125, 0, 0, 1, },
			{ 0.9809093475341796875, 0, 0.19446550309658050537109375, 0, 0, 1, 0, 0, -0.19446550309658050537109375, 0, 0.9809093475341796875, 0, 0.3226794302463531494140625, 0, 0, 1, },
			{ 0.979028642177581787109375, 0, 0.20372259616851806640625, 0, 0, 1, 0, 0, -0.20372259616851806640625, 0, 0.979028642177581787109375, 0, 0.3160369694232940673828125, 0, 0, 1, },
			{ 0.977101385593414306640625, 0, 0.212774336338043212890625, 0, 0, 1, 0, 0, -0.212774336338043212890625, 0, 0.977101385593414306640625, 0, 0.3080795109272003173828125, 0, 0, 1, },
			{ 0.975140273571014404296875, 0, 0.2215883433818817138671875, 0, 0, 1, 0, 0, -0.2215883433818817138671875, 0, 0.975140273571014404296875, 0, 0.2988650500774383544921875, 0, 0, 1, },
			{ 0.9731590747833251953125, 0, 0.23013325035572052001953125, 0, 0, 1, 0, 0, -0.23013325035572052001953125, 0, 0.9731590747833251953125, 0, 0.2884509265422821044921875, 0, 0, 1, },
			{ 0.971172392368316650390625, 0, 0.23837821185588836669921875, 0, 0, 1, 0, 0, -0.23837821185588836669921875, 0, 0.971172392368316650390625, 0, 0.2768943607807159423828125, 0, 0, 1, },
			{ 0.96919548511505126953125, 0, 0.246292650699615478515625, 0, 0, 1, 0, 0, -0.246292650699615478515625, 0, 0.96919548511505126953125, 0, 0.2642526328563690185546875, 0, 0, 1, },
			{ 0.96724450588226318359375, 0, 0.2538463175296783447265625, 0, 0, 1, 0, 0, -0.2538463175296783447265625, 0, 0.96724450588226318359375, 0, 0.2505853176116943359375, 0, 0, 1, },
			{ 0.965336263179779052734375, 0, 0.2610093057155609130859375, 0, 0, 1, 0, 0, -0.2610093057155609130859375, 0, 0.965336263179779052734375, 0, 0.2359593212604522705078125, 0, 0, 1, },
			{ 0.963487923145294189453125, 0, 0.2677518427371978759765625, 0, 0, 1, 0, 0, -0.2677518427371978759765625, 0, 0.963487923145294189453125, 0, 0.2204428017139434814453125, 0, 0, 1, },
			{ 0.96171700954437255859375, 0, 0.2740444839000701904296875, 0, 0, 1, 0, 0, -0.2740444839000701904296875, 0, 0.96171700954437255859375, 0, 0.204105377197265625, 0, 0, 1, },
			{ 0.96004140377044677734375, 0, 0.279858052730560302734375, 0, 0, 1, 0, 0, -0.279858052730560302734375, 0, 0.96004140377044677734375, 0, 0.18701522052288055419921875, 0, 0, 1, },
			{ 0.95847797393798828125, 0, 0.2851666510105133056640625, 0, 0, 1, 0, 0, -0.2851666510105133056640625, 0, 0.95847797393798828125, 0, 0.16924591362476348876953125, 0, 0, 1, },
			{ 0.957039356231689453125, 0, 0.2899578511714935302734375, 0, 0, 1, 0, 0, -0.2899578511714935302734375, 0, 0.957039356231689453125, 0, 0.1508894264698028564453125, 0, 0, 1, },
			{ 0.95573699474334716796875, 0, 0.294222295284271240234375, 0, 0, 1, 0, 0, -0.294222295284271240234375, 0, 0.95573699474334716796875, 0, 0.13204161822795867919921875, 0, 0, 1, },
			{ 0.954581320285797119140625, 0, 0.2979504764080047607421875, 0, 0, 1, 0, 0, -0.2979504764080047607421875, 0, 0.954581320285797119140625, 0, 0.11279891431331634521484375, 0, 0, 1, },
			{ 0.953582108020782470703125, 0, 0.301132977008819580078125, 0, 0, 1, 0, 0, -0.301132977008819580078125, 0, 0.953582108020782470703125, 0, 0.09325744211673736572265625, 0, 0, 1, },
			{ 0.952748596668243408203125, 0, 0.3037599027156829833984375, 0, 0, 1, 0, 0, -0.3037599027156829833984375, 0, 0.952748596668243408203125, 0, 0.0735104382038116455078125, 0, 0, 1, },
			{ 0.952088832855224609375, 0, 0.305821478366851806640625, 0, 0, 1, 0, 0, -0.305821478366851806640625, 0, 0.952088832855224609375, 0, 0.053639829158782958984375, 0, 0, 1, },
			{ 0.9516103267669677734375, 0, 0.3073072135448455810546875, 0, 0, 1, 0, 0, -0.3073072135448455810546875, 0, 0.9516103267669677734375, 0, 0.033724211156368255615234375, 0, 0, 1, },
			{ 0.951319396495819091796875, 0, 0.308206737041473388671875, 0, 0, 1, 0, 0, -0.308206737041473388671875, 0, 0.951319396495819091796875, 0, 0.013842315413057804107666015625, 0, 0, 1, },
			{ 0.951319277286529541015625, 0, 0.3082070052623748779296875, 0, 0, 1, 0, 0, -0.3082070052623748779296875, 0, 0.951319277286529541015625, 0, -0.0059272763319313526153564453125, 0, 0, 1, },
			{ 0.951319217681884765625, 0, 0.3082073032855987548828125, 0, 0, 1, 0, 0, -0.3082073032855987548828125, 0, 0.951319217681884765625, 0, -0.02550628595054149627685546875, 0, 0, 1, },
			{ 0.951609671115875244140625, 0, 0.3073093593120574951171875, 0, 0, 1, 0, 0, -0.3073093593120574951171875, 0, 0.951609671115875244140625, 0, -0.0448175035417079925537109375, 0, 0, 1, },
			{ 0.952087461948394775390625, 0, 0.30582582950592041015625, 0, 0, 1, 0, 0, -0.30582582950592041015625, 0, 0.952087461948394775390625, 0, -0.063784636557102203369140625, 0, 0, 1, },
			{ 0.952746331691741943359375, 0, 0.3037669658660888671875, 0, 0, 1, 0, 0, -0.3037669658660888671875, 0, 0.952746331691741943359375, 0, -0.0823313891887664794921875, 0, 0, 1, },
			{ 0.95357906818389892578125, 0, 0.3011427223682403564453125, 0, 0, 1, 0, 0, -0.3011427223682403564453125, 0, 0.95357906818389892578125, 0, -0.10038192570209503173828125, 0, 0, 1, },
			{ 0.954577505588531494140625, 0, 0.2979628145694732666015625, 0, 0, 1, 0, 0, -0.2979628145694732666015625, 0, 0.954577505588531494140625, 0, -0.1178628504276275634765625, 0, 0, 1, },
			{ 0.955732524394989013671875, 0, 0.2942365705966949462890625, 0, 0, 1, 0, 0, -0.2942365705966949462890625, 0, 0.955732524394989013671875, 0, -0.13471649587154388427734375, 0, 0, 1, },
			{ 0.95703470706939697265625, 0, 0.289973437786102294921875, 0, 0, 1, 0, 0, -0.289973437786102294921875, 0, 0.95703470706939697265625, 0, -0.15088866651058197021484375, 0, 0, 1, },
			{ 0.958473145961761474609375, 0, 0.285182535648345947265625, 0, 0, 1, 0, 0, -0.285182535648345947265625, 0, 0.958473145961761474609375, 0, -0.1663250625133514404296875, 0, 0, 1, },
			{ 0.96003711223602294921875, 0, 0.279872596263885498046875, 0, 0, 1, 0, 0, -0.279872596263885498046875, 0, 0.96003711223602294921875, 0, -0.18097151815891265869140625, 0, 0, 1, },
			{ 0.96171367168426513671875, 0, 0.2740562856197357177734375, 0, 0, 1, 0, 0, -0.2740562856197357177734375, 0, 0.96171367168426513671875, 0, -0.194782555103302001953125, 0, 0, 1, },
			{ 0.963485777378082275390625, 0, 0.2677593231201171875, 0, 0, 1, 0, 0, -0.2677593231201171875, 0, 0.963485777378082275390625, 0, -0.20774795114994049072265625, 0, 0, 1, },
			{ 0.965335667133331298828125, 0, 0.2610113322734832763671875, 0, 0, 1, 0, 0, -0.2610113322734832763671875, 0, 0.965335667133331298828125, 0, -0.21986663341522216796875, 0, 0, 1, },
			{ 0.967245638370513916015625, 0, 0.2538419663906097412109375, 0, 0, 1, 0, 0, -0.2538419663906097412109375, 0, 0.967245638370513916015625, 0, -0.23113738000392913818359375, 0, 0, 1, },
			{ 0.96919834613800048828125, 0, 0.24628134071826934814453125, 0, 0, 1, 0, 0, -0.24628134071826934814453125, 0, 0.96919834613800048828125, 0, -0.24155898392200469970703125, 0, 0, 1, },
			{ 0.971176922321319580078125, 0, 0.2383594810962677001953125, 0, 0, 1, 0, 0, -0.2383594810962677001953125, 0, 0.971176922321319580078125, 0, -0.25112044811248779296875, 0, 0, 1, },
			{ 0.973165333271026611328125, 0, 0.23010699450969696044921875, 0, 0, 1, 0, 0, -0.23010699450969696044921875, 0, 0.973165333271026611328125, 0, -0.2597717344760894775390625, 0, 0, 1, },
			{ 0.975147902965545654296875, 0, 0.22155465185642242431640625, 0, 0, 1, 0, 0, -0.22155465185642242431640625, 0, 0.975147902965545654296875, 0, -0.2674534618854522705078125, 0, 0, 1, },
			{ 0.977110207080841064453125, 0, 0.21273370087146759033203125, 0, 0, 1, 0, 0, -0.21273370087146759033203125, 0, 0.977110207080841064453125, 0, -0.2741059958934783935546875, 0, 0, 1, },
			{ 0.979038417339324951171875, 0, 0.203675568103790283203125, 0, 0, 1, 0, 0, -0.203675568103790283203125, 0, 0.979038417339324951171875, 0, -0.2796694934368133544921875, 0, 0, 1, },
			{ 0.98091971874237060546875, 0, 0.1944131553173065185546875, 0, 0, 1, 0, 0, -0.1944131553173065185546875, 0, 0.98091971874237060546875, 0, -0.2841043174266815185546875, 0, 0, 1, },
			{ 0.982741534709930419921875, 0, 0.18498392403125762939453125, 0, 0, 1, 0, 0, -0.18498392403125762939453125, 0, 0.982741534709930419921875, 0, -0.2869354188442230224609375, 0, 0, 1, },
			{ 0.98449242115020751953125, 0, 0.175426661968231201171875, 0, 0, 1, 0, 0, -0.175426661968231201171875, 0, 0.98449242115020751953125, 0, -0.2897665202617645263671875, 0, 0, 1, },
			{ 0.986162662506103515625, 0, 0.16578052937984466552734375, 0, 0, 1, 0, 0, -0.16578052937984466552734375, 0, 0.986162662506103515625, 0, -0.289112091064453125, 0, 0, 1, },
			{ 0.9877436161041259765625, 0, 0.15608489513397216796875, 0, 0, 1, 0, 0, -0.15608489513397216796875, 0, 0.9877436161041259765625, 0, -0.2884576320648193359375, 0, 0, 1, },
			{ 0.9892284870147705078125, 0, 0.14637960493564605712890625, 0, 0, 1, 0, 0, -0.14637960493564605712890625, 0, 0.9892284870147705078125, 0, -0.2878030240535736083984375, 0, 0, 1, },
			{ 0.990611851215362548828125, 0, 0.13670460879802703857421875, 0, 0, 1, 0, 0, -0.13670460879802703857421875, 0, 0.990611851215362548828125, 0, -0.28714859485626220703125, 0, 0, 1, },
			{ 0.99188983440399169921875, 0, 0.1271000802516937255859375, 0, 0, 1, 0, 0, -0.1271000802516937255859375, 0, 0.99188983440399169921875, 0, -0.28649413585662841796875, 0, 0, 1, },
			{ 0.99306023120880126953125, 0, 0.11760629713535308837890625, 0, 0, 1, 0, 0, -0.11760629713535308837890625, 0, 0.99306023120880126953125, 0, -0.282617032527923583984375, 0, 0, 1, },
			{ 0.994122207164764404296875, 0, 0.108263790607452392578125, 0, 0, 1, 0, 0, -0.108263790607452392578125, 0, 0.994122207164764404296875, 0, -0.2776777446269989013671875, 0, 0, 1, },
			{ 0.995076358318328857421875, 0, 0.099111415445804595947265625, 0, 0, 1, 0, 0, -0.099111415445804595947265625, 0, 0.995076358318328857421875, 0, -0.27170073986053466796875, 0, 0, 1, },
			{ 0.995925366878509521484375, 0, 0.0901815593242645263671875, 0, 0, 1, 0, 0, -0.0901815593242645263671875, 0, 0.995925366878509521484375, 0, -0.264728069305419921875, 0, 0, 1, },
			{ 0.996672928333282470703125, 0, 0.081505022943019866943359375, 0, 0, 1, 0, 0, -0.081505022943019866943359375, 0, 0.996672928333282470703125, 0, -0.2568061649799346923828125, 0, 0, 1, },
			{ 0.99732363224029541015625, 0, 0.0731123983860015869140625, 0, 0, 1, 0, 0, -0.0731123983860015869140625, 0, 0.99732363224029541015625, 0, -0.247981250286102294921875, 0, 0, 1, },
			{ 0.99788296222686767578125, 0, 0.06503434479236602783203125, 0, 0, 1, 0, 0, -0.06503434479236602783203125, 0, 0.99788296222686767578125, 0, -0.2382993996143341064453125, 0, 0, 1, },
			{ 0.99835693836212158203125, 0, 0.057301379740238189697265625, 0, 0, 1, 0, 0, -0.057301379740238189697265625, 0, 0.99835693836212158203125, 0, -0.22778777778148651123046875, 0, 0, 1, },
			{ 0.99875199794769287109375, 0, 0.0499439649283885955810546875, 0, 0, 1, 0, 0, -0.0499439649283885955810546875, 0, 0.99875199794769287109375, 0, -0.21639525890350341796875, 0, 0, 1, },
			{ 0.999075353145599365234375, 0, 0.042992450296878814697265625, 0, 0, 1, 0, 0, -0.042992450296878814697265625, 0, 0.999075353145599365234375, 0, -0.20405150949954986572265625, 0, 0, 1, },
			{ 0.99933445453643798828125, 0, 0.0364770591259002685546875, 0, 0, 1, 0, 0, -0.0364770591259002685546875, 0, 0.99933445453643798828125, 0, -0.190685570240020751953125, 0, 0, 1, },
			{ 0.999536931514739990234375, 0, 0.0304278917610645294189453125, 0, 0, 1, 0, 0, -0.0304278917610645294189453125, 0, 0.999536931514739990234375, 0, -0.17622725665569305419921875, 0, 0, 1, },
			{ 0.999690592288970947265625, 0, 0.0248728580772876739501953125, 0, 0, 1, 0, 0, -0.0248728580772876739501953125, 0, 0.999690592288970947265625, 0, -0.1606793105602264404296875, 0, 0, 1, },
			{ 0.999803364276885986328125, 0, 0.01983115263283252716064453125, 0, 0, 1, 0, 0, -0.01983115263283252716064453125, 0, 0.999803364276885986328125, 0, -0.1443392932415008544921875, 0, 0, 1, },
			{ 0.999882638454437255859375, 0, 0.01531975157558917999267578125, 0, 0, 1, 0, 0, -0.01531975157558917999267578125, 0, 0.999882638454437255859375, 0, -0.12757797539234161376953125, 0, 0, 1, },
			{ 0.99993550777435302734375, 0, 0.0113555379211902618408203125, 0, 0, 1, 0, 0, -0.0113555379211902618408203125, 0, 0.99993550777435302734375, 0, -0.1107661426067352294921875, 0, 0, 1, },
			{ 0.9999682903289794921875, 0, 0.007955326698720455169677734375, 0, 0, 1, 0, 0, -0.007955326698720455169677734375, 0, 0.9999682903289794921875, 0, -0.094274140894412994384765625, 0, 0, 1, },
			{ 0.999986827373504638671875, 0, 0.005135889165103435516357421875, 0, 0, 1, 0, 0, -0.005135889165103435516357421875, 0, 0.999986827373504638671875, 0, -0.07771880924701690673828125, 0, 0, 1, },
			{ 0.999995768070220947265625, 0, 0.0029139486141502857208251953125, 0, 0, 1, 0, 0, -0.0029139486141502857208251953125, 0, 0.999995768070220947265625, 0, -0.0576997362077236175537109375, 0, 0, 1, },
			{ 0.99999916553497314453125, 0, 0.001306201913394033908843994140625, 0, 0, 1, 0, 0, -0.001306201913394033908843994140625, 0, 0.99999916553497314453125, 0, -0.0324580371379852294921875, 0, 0, 1, },
			{ 0.99999988079071044921875, 0, 0.00032932861358858644962310791015625, 0, 0, 1, 0, 0, -0.00032932861358858644962310791015625, 0, 0.99999988079071044921875, 0, -0.009817809797823429107666015625, 0, 0, 1, },
			{ 1, 0, 0, 0, 0, 1, 0, 0, 0, 0, 1, 0, 0, 0, 0, 1, },
		},
	}
end