function data()
return { 
		times = { 0, 41.667000000000001591615728102624416351318359375, 83.332999999999998408384271897375583648681640625, 125, 166.667000000000001591615728102624416351318359375, 208.332999999999998408384271897375583648681640625, 250, 291.66699999999997316990629769861698150634765625, 333.33300000000002683009370230138301849365234375, 375, 416.66699999999997316990629769861698150634765625, 458.33300000000002683009370230138301849365234375, 500, 541.6670000000000300133251585066318511962890625, 583.3329999999999699866748414933681488037109375, 625, 666.6670000000000300133251585066318511962890625, 708.3329999999999699866748414933681488037109375, 750, 791.6670000000000300133251585066318511962890625, 833.3329999999999699866748414933681488037109375, 1041.66699999999991632648743689060211181640625, 1125, 1166.66699999999991632648743689060211181640625, 1208.33300000000008367351256310939788818359375, 1250, 1291.66699999999991632648743689060211181640625, 1333.33300000000008367351256310939788818359375, 1375, 1416.66699999999991632648743689060211181640625, 1458.33300000000008367351256310939788818359375, 1500, 1541.66699999999991632648743689060211181640625, 1583.33300000000008367351256310939788818359375, 1625, 1666.66699999999991632648743689060211181640625, 1708.33300000000008367351256310939788818359375, 1750, 1791.66699999999991632648743689060211181640625, 1833.33300000000008367351256310939788818359375, 1875, 1916.66699999999991632648743689060211181640625, 1958.33300000000008367351256310939788818359375, 2000, 2041.66699999999991632648743689060211181640625, 2083.33300000000008367351256310939788818359375, 2125, 2166.66699999999991632648743689060211181640625, 2208.33300000000008367351256310939788818359375, 2250, 2291.66699999999991632648743689060211181640625, 2333.33300000000008367351256310939788818359375, 2375, 2416.66699999999991632648743689060211181640625, 2458.33300000000008367351256310939788818359375, 2500, 2541.66699999999991632648743689060211181640625, 2583.33300000000008367351256310939788818359375, 2625, 2666.66699999999991632648743689060211181640625, 2708.33300000000008367351256310939788818359375, 2750, 2791.66699999999991632648743689060211181640625, 2833.33300000000008367351256310939788818359375, 2875, 2916.66699999999991632648743689060211181640625, 2958.33300000000008367351256310939788818359375, 3000, 3041.66699999999991632648743689060211181640625, 3083.33300000000008367351256310939788818359375, 3125, 3166.66699999999991632648743689060211181640625, 3208.33300000000008367351256310939788818359375, 3250, 3291.66699999999991632648743689060211181640625, 3333.33300000000008367351256310939788818359375, 3375, 3416.66699999999991632648743689060211181640625, 3458.33300000000008367351256310939788818359375, 3500, 3541.66699999999991632648743689060211181640625, 3583.33300000000008367351256310939788818359375, 3625, 3666.66699999999991632648743689060211181640625, 3708.33300000000008367351256310939788818359375, 3750, 3791.66699999999991632648743689060211181640625, 3833.33300000000008367351256310939788818359375, 3875, 3916.66699999999991632648743689060211181640625, 3958.33300000000008367351256310939788818359375, 4000, 4041.66699999999991632648743689060211181640625, 4083.33300000000008367351256310939788818359375, 4125, 4166.6670000000003710738383233547210693359375, },
		transfs = {
			{ 1, 0, -0.00000000186264514923095703125, 0, 0, 1, -0.000000000000000000867361737988403547205962240695953369140625, 0, 0.00000000186264514923095703125, 0.00000000000000000173472347597680709441192448139190673828125, 1, 0, 0, 0, 0, 1, },
			{ 0.99999988079071044921875, -0.0000000000000059952039094593716911374414735291793476790189743042, -0.00055630505084991455078125, 0, 0.000000000000005773159728050814010202884674072265625, 1, -0.000000000000472636686732474942118642502464354038238525390625, 0, 0.00055630505084991455078125, 0.00000000000047263408464726097690800088457763195037841796875, 0.99999988079071044921875, 0, 0, 0, 0, 1, },
			{ 0.99999773502349853515625, -0.0000000000000246469511466784751974046230316162109375, -0.002155207097530364990234375, 0, 0.00000000000002076117056049042730592191219329833984375, 1, -0.000000000001831076089364724879260393208824098110198974609375, 0, 0.002155207097530364990234375, 0.00000000000183102664974565954025820246897637844085693359375, 0.99999773502349853515625, 0, 0, 0, 0, 1, },
			{ 0.999988973140716552734375, -0.0000000000000588418203051332966424524784088134765625, -0.004691757261753082275390625, 0, 0.000000000000040134562340199408936314284801483154296875, 1, -0.0000000000039862037282123452541782171465456485748291015625, 0, 0.004691757261753082275390625, 0.000000000003985970407904826373624018742702901363372802734375, 0.999988973140716552734375, 0, 0, 0, 0, 1, },
			{ 0.99996745586395263671875, -0.0000000000001126321190719585529915747201812337152659893035888672, -0.008060944266617298126220703125, 0, 0.000000000000057343019221889335312880575656890869140625, 1, -0.0000000000068488725975257569444920591195113956928253173828125, 0, 0.008060944266617298126220703125, 0.000000000006848186080710139123084445600397884845733642578125, 0.99996745586395263671875, 0, 0, 0, 0, 1, },
			{ 0.999926149845123291015625, -0.0000000000001909583466829997688840592218184610828757286071777344, -0.01215769164264202117919921875, 0, 0.000000000000065447647301652978057973086833953857421875, 1, -0.000000000010329881915127625546801937161944806575775146484375, 0, 0.01215769164264202117919921875, 0.000000000010328322398722722397224060841836035251617431640625, 0.999926149845123291015625, 0, 0, 0, 0, 1, },
			{ 0.999857485294342041015625, -0.00000000000029898306053155465633608400821685791015625, -0.01687691919505596160888671875, 0, 0.00000000000005695444116327053052373230457305908203125, 1, -0.000000000014340031766202354646111416514031589031219482421875, 0, 0.01687691919505596160888671875, 0.000000000014337024623056748851013253442943096160888671875, 0.999857485294342041015625, 0, 0, 0, 0, 1, },
			{ 0.99975550174713134765625, -0.000000000000440925074229880920029245316982269287109375, -0.02211345173418521881103515625, 0, 0.00000000000002542410726391608477570116519927978515625, 1, -0.000000000018790032030313597033455152995884418487548828125, 0, 0.02211345173418521881103515625, 0.00000000001878487643214299396277056075632572174072265625, 0.99975550174713134765625, 0, 0, 0, 0, 1, },
			{ 0.9996144771575927734375, -0.00000000000062028160385807495913468301296234130859375, -0.02776203863322734832763671875, 0, -0.000000000000034694469519536141888238489627838134765625, 1, -0.00000000002359052016231988346817161072976887226104736328125, 0, 0.02776203863322734832763671875, 0.00000000002358239124811145615012719645164906978607177734375, 0.9996144771575927734375, 0, 0, 0, 0, 1, },
			{ 0.999431431293487548828125, -0.0000000000008386069074405033685337684801197610795497894287109375, -0.03371740877628326416015625, 0, -0.000000000000127509114378199228667654097080230712890625, 1, -0.0000000000286521049941423910922821960411965847015380859375, 0, 0.03371740877628326416015625, 0.000000000028640111116029487448031431995332241058349609375, 0.999431431293487548828125, 0, 0, 0, 0, 1, },
			{ 0.9992046356201171875, -0.0000000000010962342145148795680142939090728759765625, -0.039874337613582611083984375, 0, -0.0000000000002551847351050379186787608887243550270795822143554688, 1, -0.0000000000338853840819997031985622015781700611114501953125, 0, 0.039874337613582611083984375, 0.0000000000338686058365400555203450494445860385894775390625, 0.9992046356201171875, 0, 0, 0, 0, 1, },
			{ 0.99893581867218017578125, -0.000000000001390498827191777309053577482700347900390625, -0.0461210571229457855224609375, 0, -0.000000000000417721413015215148334391415119171142578125, 1, -0.000000000039195389989199469482628046534955501556396484375, 0, 0.0461210571229457855224609375, 0.000000000039172949606314233506054733879864215850830078125, 0.99893581867218017578125, 0, 0, 0, 0, 1, },
			{ 0.9986302852630615234375, -0.000000000001715405486928112122058109889621846377849578857421875, -0.0523198209702968597412109375, 0, -0.00000000000061184390887092376942746341228485107421875, 1, -0.000000000044465042758901063280063681304454803466796875, 0, 0.0523198209702968597412109375, 0.00000000004443616308247300139555591158568859100341796875, 0.9986302852630615234375, 0, 0, 0, 0, 1, },
			{ 0.998297512531280517578125, -0.00000000000206146211212399066425859928131103515625, -0.058326549828052520751953125, 0, -0.000000000000831279489688085959642194211483001708984375, 1, -0.000000000049571825810890146613019169308245182037353515625, 0, 0.058326549828052520751953125, 0.000000000049535923973831330613393220119178295135498046875, 0.998297512531280517578125, 0, 0, 0, 0, 1, },
			{ 0.99794995784759521484375, -0.000000000002416455924247884468059055507183074951171875, -0.0639973580837249755859375, 0, -0.000000000001066757793211081661866046488285064697265625, 1, -0.00000000005439339256785302723073982633650302886962890625, 0, 0.0639973580837249755859375, 0.000000000054350156319937781290718703530728816986083984375, 0.99794995784759521484375, 0, 0, 0, 0, 1, },
			{ 0.997603595256805419921875, -0.000000000002765621065492496200022287666797637939453125, -0.069188661873340606689453125, 0, -0.000000000001306343921925190443289466202259063720703125, 1, -0.000000000058807535230354091027038521133363246917724609375, 0, 0.069188661873340606689453125, 0.000000000058756992327158030775535735301673412322998046875, 0.997603595256805419921875, 0, 0, 0, 0, 1, },
			{ 0.997276127338409423828125, -0.000000000003091915612429829707252793014049530029296875, -0.073757044970989227294921875, 0, -0.000000000001536271110325060362811200320720672607421875, 1, -0.000000000062692261104668745019807829521596431732177734375, 0, 0.073757044970989227294921875, 0.0000000000626348140020382970760692842304706573486328125, 0.997276127338409423828125, 0, 0, 0, 0, 1, },
			{ 0.99698770046234130859375, -0.0000000000033770763963048011646606028079986572265625, -0.07755935192108154296875, 0, -0.000000000001741329302973326775827445089817047119140625, 1, -0.000000000065925716274950474371507880277931690216064453125, 0, 0.07755935192108154296875, 0.000000000065862183762366299788482137955725193023681640625, 0.99698770046234130859375, 0, 0, 0, 0, 1, },
			{ 0.996758401393890380859375, -0.000000000003602396159152476684539578855037689208984375, -0.080452419817447662353515625, 0, -0.000000000001905586799466618685983121395111083984375, 1, -0.00000000006838607458092837987351231276988983154296875, 0, 0.080452419817447662353515625, 0.000000000068317705659293181952307350002229213714599609375, 0.996758401393890380859375, 0, 0, 0, 0, 1, },
			{ 0.996608078479766845703125, -0.00000000000374955622106654118397273123264312744140625, -0.08229331672191619873046875, 0, -0.00000000000201388883867836820940055986284278333187103271484375, 1, -0.00000000006995166945689135218344745226204395294189453125, 0, 0.08229331672191619873046875, 0.0000000000698801294607420686588739044964313507080078125, 0.996608078479766845703125, 0, 0, 0, 0, 1, },
			{ 0.996554553508758544921875, -0.00000000000380173670322392354137264192104339599609375, -0.08293880522251129150390625, 0, -0.000000000002052524816775758154108189046382904052734375, 1, -0.0000000000705006331092050686493166722357273101806640625, 0, 0.08293880522251129150390625, 0.0000000000704279690122433521537459455430507659912109375, 0.996554553508758544921875, 0, 0, 0, 0, 1, },
			{ 0.9965803623199462890625, -0.000000000003776701174018626261386089026927947998046875, -0.0826291739940643310546875, 0, -0.0000000000020339285811132867820560932159423828125, 1, -0.00000000007023730208555178933238494209945201873779296875, 0, 0.0826291739940643310546875, 0.000000000070165186161208481507856049574911594390869140625, 0.9965803623199462890625, 0, 0, 0, 0, 1, },
			{ 0.996609389781951904296875, -0.000000000003748279464588222253951244056224822998046875, -0.082278072834014892578125, 0, -0.00000000000201294536594787132344208657741546630859375, 1, -0.00000000006993870760307885348083800636231899261474609375, 0, 0.082278072834014892578125, 0.000000000069867188423611281677949591539800167083740234375, 0.996609389781951904296875, 0, 0, 0, 0, 1, },
			{ 0.996628940105438232421875, -0.000000000003729183628564669561455957591533660888671875, -0.08204066753387451171875, 0, -0.000000000001998845533535131835378706455230712890625, 1, -0.0000000000697367996682629609495052136480808258056640625, 0, 0.08204066753387451171875, 0.000000000069665696822429623580319457687437534332275390625, 0.996628940105438232421875, 0, 0, 0, 0, 1, },
			{ 0.99665224552154541015625, -0.00000000000370636854540862259455025196075439453125, -0.0817575752735137939453125, 0, -0.00000000000198208116586329197161830961704254150390625, 1, -0.00000000006949603392758518793925759382545948028564453125, 0, 0.0817575752735137939453125, 0.0000000000694254376210068357977434061467647552490234375, 0.99665224552154541015625, 0, 0, 0, 0, 1, },
			{ 0.99667942523956298828125, -0.000000000003679778703968850095407105982303619384765625, -0.081425540149211883544921875, 0, -0.000000000001962485729478657958679832518100738525390625, 1, -0.0000000000692136625790595871876575984060764312744140625, 0, 0.081425540149211883544921875, 0.00000000006914362138399354762441362254321575164794921875, 0.99667942523956298828125, 0, 0, 0, 0, 1, },
			{ 0.996711194515228271484375, -0.000000000003648636948128114454448223114013671875, -0.081035532057285308837890625, 0, -0.0000000000019395596240201484761200845241546630859375, 1, -0.000000000068881976511558917763977660797536373138427734375, 0, 0.081035532057285308837890625, 0.000000000068812601450307653294657939113676548004150390625, 0.996711194515228271484375, 0, 0, 0, 0, 1, },
			{ 0.9967501163482666015625, -0.00000000000361055629838347158511169254779815673828125, -0.08055584132671356201171875, 0, -0.0000000000019115820037995945313014090061187744140625, 1, -0.000000000068474025061160403993198997341096401214599609375, 0, 0.08055584132671356201171875, 0.0000000000684054757282837044840562157332897186279296875, 0.9967501163482666015625, 0, 0, 0, 0, 1, },
			{ 0.996798932552337646484375, -0.00000000000356264995803046158329152603982947766780853271484375, -0.079948939383029937744140625, 0, -0.00000000000187649873938100508752313544391654431819915771484375, 1, -0.00000000006795787543811826481032767333090305328369140625, 0, 0.079948939383029937744140625, 0.00000000006789037387822105529266991652548313140869140625, 0.996798932552337646484375, 0, 0, 0, 0, 1, },
			{ 0.996860563755035400390625, -0.00000000000350219831433962180966545929550193250179290771484375, -0.0791773498058319091796875, 0, -0.00000000000183231207984135835431516170501708984375, 1, -0.0000000000673016919972013738515670411288738250732421875, 0, 0.0791773498058319091796875, 0.00000000006723548107157029107838752679526805877685546875, 0.996860563755035400390625, 0, 0, 0, 0, 1, },
			{ 0.99693739414215087890625, -0.00000000000342664763751387990708963116048835217952728271484375, -0.078203551471233367919921875, 0, -0.00000000000177724501781995058991014957427978515625, 1, -0.000000000066473548887557853959151543676853179931640625, 0, 0.078203551471233367919921875, 0.0000000000664089616631002854774123989045619964599609375, 0.99693739414215087890625, 0, 0, 0, 0, 1, },
			{ 0.997031867504119873046875, -0.00000000000333361094805029178900213082670234143733978271484375, -0.0769900381565093994140625, 0, -0.000000000001709798860653755081528970549697987735271453857421875, 1, -0.000000000065441561891699251418685889802873134613037109375, 0, 0.0769900381565093994140625, 0.00000000006537896612979210431149112991988658905029296875, 0.997031867504119873046875, 0, 0, 0, 0, 1, },
			{ 0.997145831584930419921875, -0.00000000000322109006134496667073108255863189697265625, -0.075499273836612701416015625, 0, -0.0000000000016286971771251046448014676570892333984375, 1, -0.00000000006417381903656149688686127774417400360107421875, 0, 0.075499273836612701416015625, 0.0000000000641136310708390055879135616123676300048828125, 0.997145831584930419921875, 0, 0, 0, 0, 1, },
			{ 0.997280895709991455078125, -0.00000000000308725245888596955268212695955298840999603271484375, -0.0736936628818511962890625, 0, -0.000000000001532940441251184893189929425716400146484375, 1, -0.000000000062638359776823193669770262204110622406005859375, 0, 0.0736936628818511962890625, 0.000000000062581002879813496520000626333057880401611328125, 0.997280895709991455078125, 0, 0, 0, 0, 1, },
			{ 0.997438013553619384765625, -0.000000000002930988785010413266718387603759765625, -0.07153560221195220947265625, 0, -0.000000000001422195586124608279732228766079060733318328857421875, 1, -0.0000000000608032235671629450735053978860378265380859375, 0, 0.07153560221195220947265625, 0.000000000060749183461439315578900277614593505859375, 0.997438013553619384765625, 0, 0, 0, 0, 1, },
			{ 0.997617542743682861328125, -0.000000000002751632255382219227612949907779693603515625, -0.06898741424083709716796875, 0, -0.000000000001296573959308489065733738243579864501953125, 1, -0.000000000058636408228895930960788973607122898101806640625, 0, 0.06898741424083709716796875, 0.000000000058586156759243834812878048978745937347412109375, 0.997617542743682861328125, 0, 0, 0, 0, 1, },
			{ 0.99781787395477294921875, -0.0000000000025501822875639845733530819416046142578125, -0.066025801002979278564453125, 0, -0.00000000000115762954777665072469972074031829833984375, 1, -0.000000000056118130975502111823516315780580043792724609375, 0, 0.066025801002979278564453125, 0.00000000005607210529223749517768737860023975372314453125, 0.99781787395477294921875, 0, 0, 0, 0, 1, },
			{ 0.99803340435028076171875, -0.00000000000233185671293101304257788797258399426937103271484375, -0.062684752047061920166015625, 0, -0.000000000001009803243627593882791870782966725528240203857421875, 1, -0.000000000053277326994560780804022215306758880615234375, 0, 0.062684752047061920166015625, 0.00000000005323584628680322339278063736855983734130859375, 0.99803340435028076171875, 0, 0, 0, 0, 1, },
			{ 0.998257219791412353515625, -0.000000000002102928942093740261043421924114227294921875, -0.059012703597545623779296875, 0, -0.0000000000008583688772788311549533091238117776811122894287109375, 1, -0.0000000000501552029075202909780273330397903919219970703125, 0, 0.059012703597545623779296875, 0.0000000000501184475865112943893109331838786602020263671875, 0.998257219791412353515625, 0, 0, 0, 0, 1, },
			{ 0.998483121395111083984375, -0.00000000000186928250656137606711126863956451416015625, -0.0550580918788909912109375, 0, -0.0000000000007081002451059248414821922779083251953125, 1, -0.000000000046793020846980226679079351015388965606689453125, 0, 0.0550580918788909912109375, 0.0000000000467610221377423584954158286564052104949951171875, 0.998483121395111083984375, 0, 0, 0, 0, 1, },
			{ 0.998705327510833740234375, -0.000000000001636413227146249482757411897182464599609375, -0.0508694387972354888916015625, 0, -0.0000000000005634936419383895778167925527668558061122894287109375, 1, -0.000000000043232022128858460519040818326175212860107421875, 0, 0.0508694387972354888916015625, 0.000000000043204717581346585575374774634838104248046875, 0.998705327510833740234375, 0, 0, 0, 0, 1, },
			{ 0.99891841411590576171875, -0.000000000001409150574005479938932694494724273681640625, -0.0464953221380710601806640625, 0, -0.0000000000004285460604002561124659109736967366188764572143554688, 1, -0.0000000000395135486830344717645857599563896656036376953125, 0, 0.0464953221380710601806640625, 0.00000000003949073013043147284406586550176143646240234375, 0.99891841411590576171875, 0, 0, 0, 0, 1, },
			{ 0.99911820888519287109375, -0.00000000000119182441693510554614476859569549560546875, -0.041984356939792633056640625, 0, -0.000000000000306366043645311947329901158809661865234375, 1, -0.000000000035678952847728595543230767361819744110107421875, 0, 0.041984356939792633056640625, 0.0000000000356603531426191722175644827075302600860595703125, 0.99911820888519287109375, 0, 0, 0, 0, 1, },
			{ 0.99930095672607421875, -0.000000000000988154003067620578804053366184234619140625, -0.0373852364718914031982421875, 0, -0.00000000000019972912213006566162221133708953857421875, 1, -0.0000000000317696459417593501939336420036852359771728515625, 0, 0.0373852364718914031982421875, 0.000000000031754897322766595380016951821744441986083984375, 0.99930095672607421875, 0, 0, 0, 0, 1, },
			{ 0.999463617801666259765625, -0.0000000000008009703469057105618134073665714822709560394287109375, -0.0327466763556003570556640625, 0, -0.0000000000001103006507202457242566850936782429926097393035888672, 1, -0.00000000002782702714088092221800252445973455905914306640625, 0, 0.0327466763556003570556640625, 0.0000000000278157219479879813661682419478893280029296875, 0.999463617801666259765625, 0, 0, 0, 0, 1, },
			{ 0.999604642391204833984375, -0.000000000000632438545977720423252321779727935791015625, -0.02811743505299091339111328125, 0, -0.00000000000003941291737419305718503892421722412109375, 1, -0.00000000002389257368340391707306480384431779384613037109375, 0, 0.02811743505299091339111328125, 0.0000000000238842313982079446077477768994867801666259765625, 0.999604642391204833984375, 0, 0, 0, 0, 1, },
			{ 0.99972307682037353515625, -0.000000000000483446616073024415527470409870147705078125, -0.02353369630873203277587890625, 0, 0.000000000000012823075934420558041892945766448974609375, 1, -0.00000000001999700405264093205914832651615142822265625, 0, 0.02353369630873203277587890625, 0.00000000001999116150397384217285434715449810028076171875, 0.99972307682037353515625, 0, 0, 0, 0, 1, },
			{ 0.99981975555419921875, -0.0000000000003532729664357248111627995967864990234375, -0.0189812220633029937744140625, 0, 0.000000000000047128967395337895140983164310455322265625, 1, -0.00000000001612822896068788480761213577352464199066162109375, 0, 0.0189812220633029937744140625, 0.0000000000161244316509989715768824680708348751068115234375, 0.99981975555419921875, 0, 0, 0, 0, 1, },
			{ 0.999895870685577392578125, -0.00000000000024069635173873393796384334564208984375, -0.014433094300329685211181640625, 0, 0.0000000000000637268016134839854203164577484130859375, 1, -0.0000000000122633674048966412328809383325278759002685546875, 0, 0.014433094300329685211181640625, 0.000000000012261170377614316606695865630172193050384521484375, 0.999895870685577392578125, 0, 0, 0, 0, 1, },
			{ 0.99995136260986328125, -0.00000000000014532819392343299114145338535308837890625, -0.009862430393695831298828125, 0, 0.000000000000062672089740090086706914007663726806640625, 1, -0.000000000008379572209726848797117781941778957843780517578125, 0, 0.009862430393695831298828125, 0.000000000008378545253429070527317890082485973834991455078125, 0.99995136260986328125, 0, 0, 0, 0, 1, },
			{ 0.99998629093170166015625, -0.00000000000006694644838489693938754498958587646484375, -0.0052422992885112762451171875, 0, 0.0000000000000436317614796368630214473682826792355626821517944336, 1, -0.000000000004453971046147753298782845376990735530853271484375, 0, 0.0052422992885112762451171875, 0.000000000004453681347327265171998078585602343082427978515625, 0.99998629093170166015625, 0, 0, 0, 0, 1, },
			{ 0.99999988079071044921875, -0.0000000000000058841816069968560370950783067200973164290189743042, -0.0005458295345306396484375, 0, 0.00000000000000566213742558829835616052150726318359375, 1, -0.00000000000046373495321549995651366771198809146881103515625, 0, 0.0005458295345306396484375, 0.000000000000463732351130285991303026094101369380950927734375, 0.99999988079071044921875, 0, 0, 0, 0, 1, },
			{ 0.999990940093994140625, 0.000000000000037136960173711486277170479297637939453125, 0.0042538880370557308197021484375, 0, -0.0000000000000525690568278693731718576032108103390783071517944336, 1, 0.00000000000361398237724852577912315609864890575408935546875, 0, -0.0042538880370557308197021484375, -0.00000000000361417297999044873080265460885129868984222412109375, 0.999990940093994140625, 0, 0, 0, 0, 1, },
			{ 0.999957859516143798828125, 0.000000000000061006755203152351896278560161590576171875, 0.00918373651802539825439453125, 0, -0.000000000000132727162593937464407645165920257568359375, 1, 0.000000000007802001232570798805454614921472966670989990234375, 0, -0.00918373651802539825439453125, -0.000000000007802891145713974907494048238731920719146728515625, 0.999957859516143798828125, 0, 0, 0, 0, 1, },
			{ 0.99989807605743408203125, 0.000000000000064004357369640274555422365665435791015625, 0.014270580373704433441162109375, 0, -0.000000000000236977104606239663553424179553985595703125, 1, 0.000000000012123124552843034251736753503791987895965576171875, 0, -0.014270580373704433441162109375, -0.00000000001212527127314455555051608826033771038055419921875, 0.99989807605743408203125, 0, 0, 0, 0, 1, },
			{ 0.999808967113494873046875, 0.0000000000000438538060845618943295320946162973996251821517944336, 0.01954124681651592254638671875, 0, -0.000000000000368316488419395682285539805889129638671875, 1, 0.000000000016600110175346571850241161882877349853515625, 0, -0.01954124681651592254638671875, -0.0000000000166041382032577899963143863715231418609619140625, 0.999808967113494873046875, 0, 0, 0, 0, 1, },
			{ 0.999687612056732177734375, -0.000000000000001831867990631508291698992252349853515625, 0.02499308623373508453369140625, 0, -0.000000000000528965760082655833684839308261871337890625, 1, 0.0000000000212306804081574540532528772018849849700927734375, 0, -0.02499308623373508453369140625, -0.000000000021237268887919213966597453691065311431884765625, 0.999687612056732177734375, 0, 0, 0, 0, 1, },
			{ 0.99953460693359375, -0.000000000000073663297683879136457107961177825927734375, 0.0305056832730770111083984375, 0, -0.000000000000717148562756619867286644876003265380859375, 1, 0.00000000002591253427108863860439669224433600902557373046875, 0, -0.0305056832730770111083984375, -0.00000000002592234933651571537893687491305172443389892578125, 0.99953460693359375, 0, 0, 0, 0, 1, },
			{ 0.999354302883148193359375, -0.00000000000016964207816272391937673091888427734375, 0.0359292440116405487060546875, 0, -0.000000000000927424803620624516042880713939666748046875, 1, 0.000000000030518455818029366355403908528387546539306640625, 0, -0.0359292440116405487060546875, -0.0000000000305320733973157842910950421355664730072021484375, 0.999354302883148193359375, 0, 0, 0, 0, 1, },
			{ 0.999154508113861083984375, -0.00000000000028477220581635265261866152286529541015625, 0.0411140806972980499267578125, 0, -0.000000000001151911899199831168516539037227630615234375, 1, 0.0000000000349213540029591484881166252307593822479248046875, 0, -0.0411140806972980499267578125, -0.0000000000349391869602921900650471798144280910491943359375, 0.999154508113861083984375, 0, 0, 0, 0, 1, },
			{ 0.998945534229278564453125, -0.000000000000411726208682239303016103804111480712890625, 0.045910663902759552001953125, 0, -0.000000000001379951708457838321919552981853485107421875, 1, 0.0000000000389942973744172860506296274252235889434814453125, 0, -0.045910663902759552001953125, -0.0000000000390165365293793087175799882970750331878662109375, 0.998945534229278564453125, 0, 0, 0, 0, 1, },
			{ 0.998740732669830322265625, -0.000000000000540845146446145008667372167110443115234375, 0.0501696132123470306396484375, 0, -0.000000000001598887688913919191691093146800994873046875, 1, 0.000000000042610519279673297887711669318377971649169921875, 0, -0.0501696132123470306396484375, -0.000000000042637081365537454757941304706037044525146484375, 0.998740732669830322265625, 0, 0, 0, 0, 1, },
			{ 0.99855482578277587890625, -0.0000000000006610267346517095798930085948086343705654144287109375, 0.0537417121231555938720703125, 0, -0.000000000001794508877432654525563293645973317325115203857421875, 1, 0.0000000000456433883744278290350848692469298839569091796875, 0, -0.0537417121231555938720703125, -0.000000000045673874404794645442962064407765865325927734375, 0.99855482578277587890625, 0, 0, 0, 0, 1, },
			{ 0.99840390682220458984375, -0.0000000000007604472065068923480879448106861673295497894287109375, 0.0564778335392475128173828125, 0, -0.00000000000195166105498856268241070210933685302734375, 1, 0.000000000047966387806130938997739576734602451324462890625, 0, -0.0564778335392475128173828125, -0.0000000000480000518499057449162137345410883426666259765625, 0.99840390682220458984375, 0, 0, 0, 0, 1, },
			{ 0.99830329418182373046875, -0.00000000000082744922025312916957773268222808837890625, 0.05822889506816864013671875, 0, -0.000000000002055633441244708592421375215053558349609375, 1, 0.0000000000494530146000204950951228966005146503448486328125, 0, -0.05822889506816864013671875, -0.000000000049488808884223800532708992250263690948486328125, 0.99830329418182373046875, 0, 0, 0, 0, 1, },
			{ 0.99826705455780029296875, -0.0000000000008517075391310802157107673338032327592372894287109375, 0.058845750987529754638671875, 0, -0.00000000000209282569572921683942468007444404065608978271484375, 1, 0.0000000000499767172090770372960832901298999786376953125, 0, -0.058845750987529754638671875, -0.000000000050013264363268916667948360554873943328857421875, 0.99826705455780029296875, 0, 0, 0, 0, 1, },
			{ 0.99827682971954345703125, -0.000000000000845157277495900416397489607334136962890625, 0.0586785264313220977783203125, 0, -0.000000000002082722883045562412007711827754974365234375, 1, 0.000000000049834747439803095403476618230342864990234375, 0, -0.0586785264313220977783203125, -0.00000000004987109336607176146571873687207698822021484375, 0.99827682971954345703125, 0, 0, 0, 0, 1, },
			{ 0.998303949832916259765625, -0.00000000000082700513104327910696156322956085205078125, 0.0582162179052829742431640625, 0, -0.000000000002054856285127470982843078672885894775390625, 1, 0.0000000000494422593144694388911375426687300205230712890625, 0, -0.0582162179052829742431640625, -0.000000000049478032781991032607038505375385284423828125, 0.998303949832916259765625, 0, 0, 0, 0, 1, },
			{ 0.998344480991363525390625, -0.000000000000799971200393656545202247798442840576171875, 0.0575178228318691253662109375, 0, -0.000000000002013111899401565096923150122165679931640625, 1, 0.0000000000488493308303805662262675468809902667999267578125, 0, -0.0575178228318691253662109375, -0.0000000000488842473445050273994638700969517230987548828125, 0.998344480991363525390625, 0, 0, 0, 0, 1, },
			{ 0.998394548892974853515625, -0.0000000000007666089442935619668872959664440713822841644287109375, 0.056642316281795501708984375, 0, -0.0000000000019613199953028015443123877048492431640625, 1, 0.000000000048106039984840975876068114303052425384521484375, 0, -0.056642316281795501708984375, -0.0000000000481398983176450911969368462450802326202392578125, 0.998394548892974853515625, 0, 0, 0, 0, 1, },
			{ 0.998450338840484619140625, -0.000000000000729638571783652878366410732269287109375, 0.055648706853389739990234375, 0, -0.00000000000190336635341736837290227413177490234375, 1, 0.000000000047262464775155166307740728370845317840576171875, 0, -0.055648706853389739990234375, -0.000000000047295146965442569353399449028074741363525390625, 0.998450338840484619140625, 0, 0, 0, 0, 1, },
			{ 0.998508453369140625, -0.000000000000691391388585316235548816621303558349609375, 0.05459602177143096923828125, 0, -0.000000000001842914709726528599276207387447357177734375, 1, 0.0000000000463687178930971555246287607587873935699462890625, 0, -0.05459602177143096923828125, -0.0000000000464001788380574708980930154211819171905517578125, 0.998508453369140625, 0, 0, 0, 0, 1, },
			{ 0.9985654354095458984375, -0.0000000000006540878407478023515153608968830667436122894287109375, 0.053543277084827423095703125, 0, -0.000000000001783406647186402960159057329292409121990203857421875, 1, 0.000000000045474908560994009576461394317448139190673828125, 0, -0.053543277084827423095703125, -0.00000000004550516907730894899941631592810153961181640625, 0.9985654354095458984375, 0, 0, 0, 0, 1, },
			{ 0.9986183643341064453125, -0.000000000000619670981194531123037450015544891357421875, 0.0525495111942291259765625, 0, -0.000000000001728006518257607648791918109054677188396453857421875, 1, 0.0000000000446311702873014581882671336643397808074951171875, 0, -0.0525495111942291259765625, -0.000000000044660310172250916593839065171778202056884765625, 0.9986183643341064453125, 0, 0, 0, 0, 1, },
			{ 0.99866402149200439453125, -0.000000000000590139048739501959062181413173675537109375, 0.051673762500286102294921875, 0, -0.000000000001679933969711555619142018258571624755859375, 1, 0.0000000000438876261721343752242319169454276561737060546875, 0, -0.051673762500286102294921875, -0.0000000000439158050202781424786735442467033863067626953125, 0.99866402149200439453125, 0, 0, 0, 0, 1, },
			{ 0.998699963092803955078125, -0.00000000000056699089867606744519434869289398193359375, 0.0509751029312610626220703125, 0, -0.00000000000164213087572306903894059360027313232421875, 1, 0.000000000043294423601736298223841004073619842529296875, 0, -0.0509751029312610626220703125, -0.0000000000433218495798914915440036565996706485748291015625, 0.998699963092803955078125, 0, 0, 0, 0, 1, },
			{ 0.998724520206451416015625, -0.000000000000551114709423927706666290760040283203125, 0.050489604473114013671875, 0, -0.000000000001615985015072929353863173673744313418865203857421875, 1, 0.0000000000428822082010338334612242761068046092987060546875, 0, -0.050489604473114013671875, -0.0000000000429091102926992817856444162316620349884033203125, 0.998724520206451416015625, 0, 0, 0, 0, 1, },
			{ 0.998741090297698974609375, -0.00000000000054056759068998871953226625919342041015625, 0.050161354243755340576171875, 0, -0.0000000000015984991108553003869019448757171630859375, 1, 0.0000000000426035005884894957262076786719262599945068359375, 0, -0.050161354243755340576171875, -0.0000000000426300557354597486892089364118874073028564453125, 0.998741090297698974609375, 0, 0, 0, 0, 1, },
			{ 0.99875366687774658203125, -0.000000000000532518473761456334614194929599761962890625, 0.0499114207923412322998046875, 0, -0.0000000000015851764345597985084168612957000732421875, 1, 0.0000000000423912953351202048679624567739665508270263671875, 0, -0.0499114207923412322998046875, -0.00000000004241758333467515740267117507755756378173828125, 0.99875366687774658203125, 0, 0, 0, 0, 1, },
			{ 0.9987661838531494140625, -0.00000000000052458037913538646535016596317291259765625, 0.0496608950197696685791015625, 0, -0.00000000000157196478056675914558582007884979248046875, 1, 0.000000000042178587011942880735659855417907238006591796875, 0, -0.0496608950197696685791015625, -0.000000000042204607864082532842076034285128116607666015625, 0.9987661838531494140625, 0, 0, 0, 0, 1, },
			{ 0.998782455921173095703125, -0.00000000000051414428270390999387018382549285888671875, 0.04933084547519683837890625, 0, -0.000000000001554589681811158197177746842498891055583953857421875, 1, 0.0000000000418983459038457795031717978417873382568359375, 0, -0.04933084547519683837890625, -0.0000000000419240232807371882017832831479609012603759765625, 0.998782455921173095703125, 0, 0, 0, 0, 1, },
			{ 0.998806476593017578125, -0.0000000000004989342272665453492663800716400146484375, 0.0488423444330692291259765625, 0, -0.00000000000152911017181622810312546789646148681640625, 1, 0.0000000000414835700512927729732837178744375705718994140625, 0, -0.0488423444330692291259765625, -0.000000000041508747827823100351452012546360492706298828125, 0.998806476593017578125, 0, 0, 0, 0, 1, },
			{ 0.998841702938079833984375, -0.00000000000047661874447157970280386507511138916015625, 0.0481164269149303436279296875, 0, -0.0000000000014914736112814352964051067829132080078125, 1, 0.00000000004086721239193735755179659463465213775634765625, 0, -0.0481164269149303436279296875, -0.000000000040891644237373014902914292179048061370849609375, 0.998841702938079833984375, 0, 0, 0, 0, 1, },
			{ 0.998891413211822509765625, -0.000000000000445421477479612804017961025238037109375, 0.0470741577446460723876953125, 0, -0.00000000000143829392840189029811881482601165771484375, 1, 0.0000000000399822293328799815981255960650742053985595703125, 0, -0.0470741577446460723876953125, -0.0000000000400056134053361489577582688070833683013916015625, 0.998891413211822509765625, 0, 0, 0, 0, 1, },
			{ 0.998958110809326171875, -0.0000000000004039546204048088950955275322485249489545822143554688, 0.0456365384161472320556640625, 0, -0.000000000001366406987557411412126384675502777099609375, 1, 0.00000000003876153564785767002831562422215938568115234375, 0, -0.0456365384161472320556640625, -0.000000000038783511124851344220587634481489658355712890625, 0.998958110809326171875, 0, 0, 0, 0, 1, },
			{ 0.99904358386993408203125, -0.000000000000351441098445093302871100604534149169921875, 0.0437245555222034454345703125, 0, -0.000000000001273592342698748325346969068050384521484375, 1, 0.00000000003713802876337268799034063704311847686767578125, 0, -0.0437245555222034454345703125, -0.000000000037158200127951346303234458900988101959228515625, 0.99904358386993408203125, 0, 0, 0, 0, 1, },
			{ 0.999169826507568359375, -0.00000000000027566837701442636898718774318695068359375, 0.0407386831939220428466796875, 0, -0.000000000001134925486923066273448057472705841064453125, 1, 0.00000000003460258468646060237006167881190776824951171875, 0, -0.0407386831939220428466796875, -0.000000000034620091515780160307258483953773975372314453125, 0.999169826507568359375, 0, 0, 0, 0, 1, },
			{ 0.9993374347686767578125, -0.0000000000001790789603195105939015263629698893055319786071777344, 0.0363943167030811309814453125, 0, -0.000000000000946576042375191217814744959468953311443328857421875, 1, 0.000000000030913403781251957980202860198915004730224609375, 0, -0.0363943167030811309814453125, -0.000000000030927378713574427138155442662537097930908203125, 0.9993374347686767578125, 0, 0, 0, 0, 1, },
			{ 0.999516785144805908203125, -0.00000000000008271161533457416226156055927276611328125, 0.03108488954603672027587890625, 0, -0.00000000000073840933367819161503575742244720458984375, 1, 0.0000000000264044341946600980008952319622039794921875, 0, -0.03108488954603672027587890625, -0.0000000000264146308992518896729961852543056011199951171875, 0.999516785144805908203125, 0, 0, 0, 0, 1, },
			{ 0.99968230724334716796875, -0.00000000000000410782519111307919956743717193603515625, 0.025204114615917205810546875, 0, -0.00000000000053568260938163803075440227985382080078125, 1, 0.00000000002140991030297190178544042282737791538238525390625, 0, -0.025204114615917205810546875, -0.0000000000214166150092065521448603249154984951019287109375, 0.99968230724334716796875, 0, 0, 0, 0, 1, },
			{ 0.999816715717315673828125, 0.000000000000046185277824406512081623077392578125, 0.01914606429636478424072265625, 0, -0.000000000000357658347382994179497472941875457763671875, 1, 0.0000000000162644446521920116310866433195769786834716796875, 0, -0.01914606429636478424072265625, -0.00000000001626831135081996393410008749924600124359130859375, 0.999816715717315673828125, 0, 0, 0, 0, 1, },
			{ 0.99991142749786376953125, 0.000000000000065114580394265431095845997333526611328125, 0.01330504752695560455322265625, 0, -0.00000000000021549428907974288449622690677642822265625, 1, 0.000000000011302954232295103764727173256687819957733154296875, 0, -0.01330504752695560455322265625, -0.000000000011304820794755254809160760487429797649383544921875, 0.99991142749786376953125, 0, 0, 0, 0, 1, },
			{ 0.999967396259307861328125, 0.000000000000057454041524351850966922938823699951171875, 0.00807552970945835113525390625, 0, -0.00000000000011290968160437842016108334064483642578125, 1, 0.000000000006860577210499041456159829976968467235565185546875, 0, -0.00807552970945835113525390625, -0.0000000000068612650283572662601727643050253391265869140625, 0.999967396259307861328125, 0, 0, 0, 0, 1, },
