function data()
return { 
		times = { 0, 41.667000000000001591615728102624416351318359375, 83.332999999999998408384271897375583648681640625, 125, 166.667000000000001591615728102624416351318359375, 208.332999999999998408384271897375583648681640625, 250, 291.66699999999997316990629769861698150634765625, 333.33300000000002683009370230138301849365234375, 375, 416.66699999999997316990629769861698150634765625, 458.33300000000002683009370230138301849365234375, 500, 541.6670000000000300133251585066318511962890625, 583.3329999999999699866748414933681488037109375, 625, 666.6670000000000300133251585066318511962890625, 708.3329999999999699866748414933681488037109375, 750, 791.6670000000000300133251585066318511962890625, 833.3329999999999699866748414933681488037109375, 875, 916.6670000000000300133251585066318511962890625, 958.3329999999999699866748414933681488037109375, 1000, 1041.66699999999991632648743689060211181640625, 1083.33300000000008367351256310939788818359375, 1125, 1166.66699999999991632648743689060211181640625, 1208.33300000000008367351256310939788818359375, 1250, 1291.66699999999991632648743689060211181640625, 1333.33300000000008367351256310939788818359375, 1375, 1416.66699999999991632648743689060211181640625, 1458.33300000000008367351256310939788818359375, 1500, 1541.66699999999991632648743689060211181640625, 1583.33300000000008367351256310939788818359375, 1625, 1666.66699999999991632648743689060211181640625, 1708.33300000000008367351256310939788818359375, 1750, 1791.66699999999991632648743689060211181640625, 1833.33300000000008367351256310939788818359375, 1875, 1916.66699999999991632648743689060211181640625, 1958.33300000000008367351256310939788818359375, 2000, 2041.66699999999991632648743689060211181640625, 2083.33300000000008367351256310939788818359375, 2125, 2166.66699999999991632648743689060211181640625, 2208.33300000000008367351256310939788818359375, 2250, 2291.66699999999991632648743689060211181640625, 2333.33300000000008367351256310939788818359375, 2375, 2416.66699999999991632648743689060211181640625, 2458.33300000000008367351256310939788818359375, 2500, 2541.66699999999991632648743689060211181640625, 2583.33300000000008367351256310939788818359375, 2625, 2666.66699999999991632648743689060211181640625, 2708.33300000000008367351256310939788818359375, 2750, 2791.66699999999991632648743689060211181640625, 2833.33300000000008367351256310939788818359375, 2875, 2916.66699999999991632648743689060211181640625, 2958.33300000000008367351256310939788818359375, 3000, 3041.66699999999991632648743689060211181640625, 3083.33300000000008367351256310939788818359375, 3125, 3166.66699999999991632648743689060211181640625, 3208.33300000000008367351256310939788818359375, 3250, 3291.66699999999991632648743689060211181640625, 3333.33300000000008367351256310939788818359375, 3375, 3416.66699999999991632648743689060211181640625, 3458.33300000000008367351256310939788818359375, 3500, 3541.66699999999991632648743689060211181640625, 3583.33300000000008367351256310939788818359375, 3625, 3666.66699999999991632648743689060211181640625, 3708.33300000000008367351256310939788818359375, 3750, 3791.66699999999991632648743689060211181640625, 3833.33300000000008367351256310939788818359375, 3875, 3916.66699999999991632648743689060211181640625, 3958.33300000000008367351256310939788818359375, 4000, 4041.66699999999991632648743689060211181640625, 4083.33300000000008367351256310939788818359375, 4125, 4166.6670000000003710738383233547210693359375, },
		transfs = {
			{ 1, 0, 0, 0, 0, 1, 0, 0, 0, 0, 1, 0, 0, 0, 0, 1, },
			{ 0.999998867511749267578125, 0, 0.0015064771287143230438232421875, 0, 0, 1, 0, 0, -0.0015064771287143230438232421875, 0, 0.999998867511749267578125, 0, 0, 0, 0, 1, },
			{ 0.999984323978424072265625, 0, 0.0055954568088054656982421875, 0, 0, 1, 0, 0, -0.0055954568088054656982421875, 0, 0.999984323978424072265625, 0, 0, 0, 0, 1, },
			{ 0.999932467937469482421875, 0, 0.01162113435566425323486328125, 0, 0, 1, 0, 0, -0.01162113435566425323486328125, 0, 0.999932467937469482421875, 0, 0, 0, 0, 1, },
			{ 0.99982059001922607421875, 0, 0.01893744058907032012939453125, 0, 0, 1, 0, 0, -0.01893744058907032012939453125, 0, 0.99982059001922607421875, 0, 0, 0, 0, 1, },
			{ 0.999638140201568603515625, 0, 0.026898138225078582763671875, 0, 0, 1, 0, 0, -0.026898138225078582763671875, 0, 0.999638140201568603515625, 0, 0, 0, 0, 1, },
			{ 0.9993922710418701171875, 0, 0.0348571278154850006103515625, 0, 0, 1, 0, 0, -0.0348571278154850006103515625, 0, 0.9993922710418701171875, 0, 0, 0, 0, 1, },
			{ 0.9991104602813720703125, 0, 0.0421688556671142578125, 0, 0, 1, 0, 0, -0.0421688556671142578125, 0, 0.9991104602813720703125, 0, 0, 0, 0, 1, },
			{ 0.998838245868682861328125, 0, 0.0481886155903339385986328125, 0, 0, 1, 0, 0, -0.0481886155903339385986328125, 0, 0.998838245868682861328125, 0, 0, 0, 0, 1, },
			{ 0.99863278865814208984375, 0, 0.052272446453571319580078125, 0, 0, 1, 0, 0, -0.052272446453571319580078125, 0, 0.99863278865814208984375, 0, 0, 0, 0, 1, },
			{ 0.998552978038787841796875, 0, 0.053776808083057403564453125, 0, 0, 1, 0, 0, -0.053776808083057403564453125, 0, 0.998552978038787841796875, 0, 0, 0, 0, 1, },
			{ 0.99856555461883544921875, 0, 0.053543351590633392333984375, 0, 0, 1, 0, 0, -0.053543351590633392333984375, 0, 0.99856555461883544921875, 0, 0, 0, 0, 1, },
			{ 0.998601853847503662109375, 0, 0.052861653268337249755859375, 0, 0, 1, 0, 0, -0.052861653268337249755859375, 0, 0.998601853847503662109375, 0, 0, 0, 0, 1, },
			{ 0.998659551143646240234375, 0, 0.051759660243988037109375, 0, 0, 1, 0, 0, -0.051759660243988037109375, 0, 0.998659551143646240234375, 0, 0, 0, 0, 1, },
			{ 0.998735904693603515625, 0, 0.050265289843082427978515625, 0, 0, 1, 0, 0, -0.050265289843082427978515625, 0, 0.998735904693603515625, 0, 0, 0, 0, 1, },
			{ 0.998827636241912841796875, 0, 0.0484065152704715728759765625, 0, 0, 1, 0, 0, -0.0484065152704715728759765625, 0, 0.998827636241912841796875, 0, 0, 0, 0, 1, },
			{ 0.9989316463470458984375, 0, 0.04621116816997528076171875, 0, 0, 1, 0, 0, -0.04621116816997528076171875, 0, 0.9989316463470458984375, 0, 0, 0, 0, 1, },
			{ 0.999044358730316162109375, 0, 0.0437072403728961944580078125, 0, 0, 1, 0, 0, -0.0437072403728961944580078125, 0, 0.999044358730316162109375, 0, 0, 0, 0, 1, },
			{ 0.999162256717681884765625, 0, 0.0409226529300212860107421875, 0, 0, 1, 0, 0, -0.0409226529300212860107421875, 0, 0.999162256717681884765625, 0, 0, 0, 0, 1, },
			{ 0.9992821216583251953125, 0, 0.037885330617427825927734375, 0, 0, 1, 0, 0, -0.037885330617427825927734375, 0, 0.9992821216583251953125, 0, 0, 0, 0, 1, },
			{ 0.9994003772735595703125, 0, 0.0346232466399669647216796875, 0, 0, 1, 0, 0, -0.0346232466399669647216796875, 0, 0.9994003772735595703125, 0, 0, 0, 0, 1, },
			{ 0.999514102935791015625, 0, 0.03116814233362674713134765625, 0, 0, 1, 0, 0, -0.03116814233362674713134765625, 0, 0.999514102935791015625, 0, 0, 0, 0, 1, },
			{ 0.999619901180267333984375, 0, 0.027566842734813690185546875, 0, 0, 1, 0, 0, -0.027566842734813690185546875, 0, 0.999619901180267333984375, 0, 0, 0, 0, 1, },
			{ 0.9997150897979736328125, 0, 0.02386996708810329437255859375, 0, 0, 1, 0, 0, -0.02386996708810329437255859375, 0, 0.9997150897979736328125, 0, 0, 0, 0, 1, },
			{ 0.999797403812408447265625, 0, 0.02012817561626434326171875, 0, 0, 1, 0, 0, -0.02012817561626434326171875, 0, 0.999797403812408447265625, 0, 0, 0, 0, 1, },
			{ 0.999865591526031494140625, 0, 0.016392134130001068115234375, 0, 0, 1, 0, 0, -0.016392134130001068115234375, 0, 0.999865591526031494140625, 0, 0, 0, 0, 1, },
			{ 0.999919116497039794921875, 0, 0.012712516821920871734619140625, 0, 0, 1, 0, 0, -0.012712516821920871734619140625, 0, 0.999919116497039794921875, 0, 0, 0, 0, 1, },
			{ 0.99995815753936767578125, 0, 0.0091400258243083953857421875, 0, 0, 1, 0, 0, -0.0091400258243083953857421875, 0, 0.99995815753936767578125, 0, 0, 0, 0, 1, },
			{ 0.999983608722686767578125, 0, 0.005725346505641937255859375, 0, 0, 1, 0, 0, -0.005725346505641937255859375, 0, 0.999983608722686767578125, 0, 0, 0, 0, 1, },
			{ 0.99999678134918212890625, 0, 0.00251917145214974880218505859375, 0, 0, 1, 0, 0, -0.00251917145214974880218505859375, 0, 0.99999678134918212890625, 0, 0, 0, 0, 1, },
			{ 0.99999988079071044921875, 0, -0.000427827355451881885528564453125, 0, 0, 1, 0, 0, 0.000427827355451881885528564453125, 0, 0.99999988079071044921875, 0, 0, 0, 0, 1, },
			{ 0.99999523162841796875, 0, -0.00308937602676451206207275390625, 0, 0, 1, 0, 0, 0.00308937602676451206207275390625, 0, 0.99999523162841796875, 0, 0, 0, 0, 1, },
			{ 0.999984681606292724609375, 0, -0.005536786280572414398193359375, 0, 0, 1, 0, 0, 0.005536786280572414398193359375, 0, 0.999984681606292724609375, 0, 0, 0, 0, 1, },
			{ 0.999969065189361572265625, 0, -0.00786576233804225921630859375, 0, 0, 1, 0, 0, 0.00786576233804225921630859375, 0, 0.999969065189361572265625, 0, 0, 0, 0, 1, },
			{ 0.999948203563690185546875, 0, -0.01017201505601406097412109375, 0, 0, 1, 0, 0, 0.01017201505601406097412109375, 0, 0.999948203563690185546875, 0, 0, 0, 0, 1, },
			{ 0.99992120265960693359375, 0, -0.012551237829029560089111328125, 0, 0, 1, 0, 0, 0.012551237829029560089111328125, 0, 0.99992120265960693359375, 0, 0, 0, 0, 1, },
			{ 0.999885976314544677734375, 0, -0.015099124051630496978759765625, 0, 0, 1, 0, 0, 0.015099124051630496978759765625, 0, 0.999885976314544677734375, 0, 0, 0, 0, 1, },
			{ 0.999839603900909423828125, 0, -0.01791133917868137359619140625, 0, 0, 1, 0, 0, 0.01791133917868137359619140625, 0, 0.999839603900909423828125, 0, 0, 0, 0, 1, },
			{ 0.99977767467498779296875, 0, -0.02108351886272430419921875, 0, 0, 1, 0, 0, 0.02108351886272430419921875, 0, 0.99977767467498779296875, 0, 0, 0, 0, 1, },
			{ 0.9996945858001708984375, 0, -0.024711258709430694580078125, 0, 0, 1, 0, 0, 0.024711258709430694580078125, 0, 0.9996945858001708984375, 0, 0, 0, 0, 1, },
			{ 0.9995825290679931640625, 0, -0.0288900770246982574462890625, 0, 0, 1, 0, 0, 0.0288900770246982574462890625, 0, 0.9995825290679931640625, 0, 0, 0, 0, 1, },
			{ 0.999432504177093505859375, 0, -0.0336848981678485870361328125, 0, 0, 1, 0, 0, 0.0336848981678485870361328125, 0, 0.999432504177093505859375, 0, 0, 0, 0, 1, },
			{ 0.999237716197967529296875, 0, -0.03903873264789581298828125, 0, 0, 1, 0, 0, 0.03903873264789581298828125, 0, 0.999237716197967529296875, 0, 0, 0, 0, 1, },
			{ 0.99899303913116455078125, 0, -0.044864036142826080322265625, 0, 0, 1, 0, 0, 0.044864036142826080322265625, 0, 0.99899303913116455078125, 0, 0, 0, 0, 1, },
			{ 0.998694896697998046875, 0, -0.051073215901851654052734375, 0, 0, 1, 0, 0, 0.051073215901851654052734375, 0, 0.998694896697998046875, 0, 0, 0, 0, 1, },
			{ 0.998340904712677001953125, 0, -0.0575787313282489776611328125, 0, 0, 1, 0, 0, 0.0575787313282489776611328125, 0, 0.998340904712677001953125, 0, 0, 0, 0, 1, },
			{ 0.997931063175201416015625, 0, -0.064292989671230316162109375, 0, 0, 1, 0, 0, 0.064292989671230316162109375, 0, 0.997931063175201416015625, 0, 0, 0, 0, 1, },
			{ 0.99746716022491455078125, 0, -0.07112853229045867919921875, 0, 0, 1, 0, 0, 0.07112853229045867919921875, 0, 0.99746716022491455078125, 0, 0, 0, 0, 1, },
			{ 0.996953547000885009765625, 0, -0.077997975051403045654296875, 0, 0, 1, 0, 0, 0.077997975051403045654296875, 0, 0.996953547000885009765625, 0, 0, 0, 0, 1, },
			{ 0.9963967800140380859375, 0, -0.084814123809337615966796875, 0, 0, 1, 0, 0, 0.084814123809337615966796875, 0, 0.9963967800140380859375, 0, 0, 0, 0, 1, },
			{ 0.9958059787750244140625, 0, -0.091489948332309722900390625, 0, 0, 1, 0, 0, 0.091489948332309722900390625, 0, 0.9958059787750244140625, 0, 0, 0, 0, 1, },
			{ 0.995192468166351318359375, 0, -0.097938649356365203857421875, 0, 0, 1, 0, 0, 0.097938649356365203857421875, 0, 0.995192468166351318359375, 0, 0, 0, 0, 1, },
			{ 0.994569599628448486328125, 0, -0.104073606431484222412109375, 0, 0, 1, 0, 0, 0.104073606431484222412109375, 0, 0.994569599628448486328125, 0, 0, 0, 0, 1, },
			{ 0.993952691555023193359375, 0, -0.1098084151744842529296875, 0, 0, 1, 0, 0, 0.1098084151744842529296875, 0, 0.993952691555023193359375, 0, 0, 0, 0, 1, },
			{ 0.993358910083770751953125, 0, -0.115056879818439483642578125, 0, 0, 1, 0, 0, 0.115056879818439483642578125, 0, 0.993358910083770751953125, 0, 0, 0, 0, 1, },
			{ 0.99280607700347900390625, 0, -0.11973316967487335205078125, 0, 0, 1, 0, 0, 0.11973316967487335205078125, 0, 0.99280607700347900390625, 0, 0, 0, 0, 1, },
			{ 0.992313206195831298828125, 0, -0.12375144660472869873046875, 0, 0, 1, 0, 0, 0.12375144660472869873046875, 0, 0.992313206195831298828125, 0, 0, 0, 0, 1, },
			{ 0.991899311542510986328125, 0, -0.127026081085205078125, 0, 0, 1, 0, 0, 0.127026081085205078125, 0, 0.991899311542510986328125, 0, 0, 0, 0, 1, },
			{ 0.991583168506622314453125, 0, -0.12947134673595428466796875, 0, 0, 1, 0, 0, 0.12947134673595428466796875, 0, 0.991583168506622314453125, 0, 0, 0, 0, 1, },
			{ 0.991382181644439697265625, 0, -0.1310016214847564697265625, 0, 0, 1, 0, 0, 0.1310016214847564697265625, 0, 0.991382181644439697265625, 0, 0, 0, 0, 1, },
			{ 0.9913120269775390625, 0, -0.13153088092803955078125, 0, 0, 1, 0, 0, 0.13153088092803955078125, 0, 0.9913120269775390625, 0, 0, 0, 0, 1, },
			{ 0.991325080394744873046875, 0, -0.13143241405487060546875, 0, 0, 1, 0, 0, 0.13143241405487060546875, 0, 0.991325080394744873046875, 0, 0, 0, 0, 1, },
			{ 0.991363465785980224609375, 0, -0.13114313781261444091796875, 0, 0, 1, 0, 0, 0.13114313781261444091796875, 0, 0.991363465785980224609375, 0, 0, 0, 0, 1, },
			{ 0.991425573825836181640625, 0, -0.13067235052585601806640625, 0, 0, 1, 0, 0, 0.13067235052585601806640625, 0, 0.991425573825836181640625, 0, 0, 0, 0, 1, },
			{ 0.9915101528167724609375, 0, -0.13002924621105194091796875, 0, 0, 1, 0, 0, 0.13002924621105194091796875, 0, 0.9915101528167724609375, 0, 0, 0, 0, 1, },
			{ 0.991615474224090576171875, 0, -0.12922318279743194580078125, 0, 0, 1, 0, 0, 0.12922318279743194580078125, 0, 0.991615474224090576171875, 0, 0, 0, 0, 1, },
			{ 0.991740167140960693359375, 0, -0.1282632648944854736328125, 0, 0, 1, 0, 0, 0.1282632648944854736328125, 0, 0.991740167140960693359375, 0, 0, 0, 0, 1, },
			{ 0.991882383823394775390625, 0, -0.12715883553028106689453125, 0, 0, 1, 0, 0, 0.12715883553028106689453125, 0, 0.991882383823394775390625, 0, 0, 0, 0, 1, },
			{ 0.99204051494598388671875, 0, -0.12591898441314697265625, 0, 0, 1, 0, 0, 0.12591898441314697265625, 0, 0.99204051494598388671875, 0, 0, 0, 0, 1, },
			{ 0.99221289157867431640625, 0, -0.1245531141757965087890625, 0, 0, 1, 0, 0, 0.1245531141757965087890625, 0, 0.99221289157867431640625, 0, 0, 0, 0, 1, },
			{ 0.992397964000701904296875, 0, -0.123070321977138519287109375, 0, 0, 1, 0, 0, 0.123070321977138519287109375, 0, 0.992397964000701904296875, 0, 0, 0, 0, 1, },
			{ 0.992595016956329345703125, 0, -0.121470831334590911865234375, 0, 0, 1, 0, 0, 0.121470831334590911865234375, 0, 0.992595016956329345703125, 0, 0, 0, 0, 1, },
			{ 0.992807865142822265625, 0, -0.119718395173549652099609375, 0, 0, 1, 0, 0, 0.119718395173549652099609375, 0, 0.992807865142822265625, 0, 0, 0, 0, 1, },
			{ 0.99304115772247314453125, 0, -0.117767639458179473876953125, 0, 0, 1, 0, 0, 0.117767639458179473876953125, 0, 0.99304115772247314453125, 0, 0, 0, 0, 1, },
			{ 0.993298947811126708984375, 0, -0.1155731976032257080078125, 0, 0, 1, 0, 0, 0.1155731976032257080078125, 0, 0.993298947811126708984375, 0, 0, 0, 0, 1, },
			{ 0.99358475208282470703125, 0, -0.113089583814144134521484375, 0, 0, 1, 0, 0, 0.113089583814144134521484375, 0, 0.99358475208282470703125, 0, 0, 0, 0, 1, },
			{ 0.9939014911651611328125, 0, -0.1102713048458099365234375, 0, 0, 1, 0, 0, 0.1102713048458099365234375, 0, 0.9939014911651611328125, 0, 0, 0, 0, 1, },
			{ 0.994251191616058349609375, 0, -0.10707272589206695556640625, 0, 0, 1, 0, 0, 0.10707272589206695556640625, 0, 0.994251191616058349609375, 0, 0, 0, 0, 1, },
			{ 0.994634807109832763671875, 0, -0.10344816744327545166015625, 0, 0, 1, 0, 0, 0.10344816744327545166015625, 0, 0.994634807109832763671875, 0, 0, 0, 0, 1, },
			{ 0.995052337646484375, 0, -0.099351860582828521728515625, 0, 0, 1, 0, 0, 0.099351860582828521728515625, 0, 0.995052337646484375, 0, 0, 0, 0, 1, },
			{ 0.9955022335052490234375, 0, -0.09473787248134613037109375, 0, 0, 1, 0, 0, 0.09473787248134613037109375, 0, 0.9955022335052490234375, 0, 0, 0, 0, 1, },
			{ 0.995979249477386474609375, 0, -0.089583285152912139892578125, 0, 0, 1, 0, 0, 0.089583285152912139892578125, 0, 0.995979249477386474609375, 0, 0, 0, 0, 1, },
			{ 0.996469318866729736328125, 0, -0.083957277238368988037109375, 0, 0, 1, 0, 0, 0.083957277238368988037109375, 0, 0.996469318866729736328125, 0, 0, 0, 0, 1, },
			{ 0.9969570636749267578125, 0, -0.077952288091182708740234375, 0, 0, 1, 0, 0, 0.077952288091182708740234375, 0, 0.9969570636749267578125, 0, 0, 0, 0, 1, },
			{ 0.997429072856903076171875, 0, -0.071660958230495452880859375, 0, 0, 1, 0, 0, 0.071660958230495452880859375, 0, 0.997429072856903076171875, 0, 0, 0, 0, 1, },
			{ 0.997873783111572265625, 0, -0.065176136791706085205078125, 0, 0, 1, 0, 0, 0.065176136791706085205078125, 0, 0.997873783111572265625, 0, 0, 0, 0, 1, },
			{ 0.99828207492828369140625, 0, -0.058590911328792572021484375, 0, 0, 1, 0, 0, 0.058590911328792572021484375, 0, 0.99828207492828369140625, 0, 0, 0, 0, 1, },
			{ 0.998647153377532958984375, 0, -0.0519985221326351165771484375, 0, 0, 1, 0, 0, 0.0519985221326351165771484375, 0, 0.998647153377532958984375, 0, 0, 0, 0, 1, },
			{ 0.998964607715606689453125, 0, -0.0454923920333385467529296875, 0, 0, 1, 0, 0, 0.0454923920333385467529296875, 0, 0.998964607715606689453125, 0, 0, 0, 0, 1, },
			{ 0.99923264980316162109375, 0, -0.0391660071909427642822265625, 0, 0, 1, 0, 0, 0.0391660071909427642822265625, 0, 0.99923264980316162109375, 0, 0, 0, 0, 1, },
			{ 0.99945163726806640625, 0, -0.03311292827129364013671875, 0, 0, 1, 0, 0, 0.03311292827129364013671875, 0, 0.99945163726806640625, 0, 0, 0, 0, 1, },
			{ 0.9996240139007568359375, 0, -0.0274185724556446075439453125, 0, 0, 1, 0, 0, 0.0274185724556446075439453125, 0, 0.9996240139007568359375, 0, 0, 0, 0, 1, },
			{ 0.999754965305328369140625, 0, -0.02213557623326778411865234375, 0, 0, 1, 0, 0, 0.02213557623326778411865234375, 0, 0.999754965305328369140625, 0, 0, 0, 0, 1, },
			{ 0.999850213527679443359375, 0, -0.0173083879053592681884765625, 0, 0, 1, 0, 0, 0.0173083879053592681884765625, 0, 0.999850213527679443359375, 0, 0, 0, 0, 1, },
			{ 0.99991571903228759765625, 0, -0.01298136077821254730224609375, 0, 0, 1, 0, 0, 0.01298136077821254730224609375, 0, 0.99991571903228759765625, 0, 0, 0, 0, 1, },
			{ 0.99995768070220947265625, 0, -0.00919879041612148284912109375, 0, 0, 1, 0, 0, 0.00919879041612148284912109375, 0, 0.99995768070220947265625, 0, 0, 0, 0, 1, },
			{ 0.99998199939727783203125, 0, -0.0060049234889447689056396484375, 0, 0, 1, 0, 0, 0.0060049234889447689056396484375, 0, 0.99998199939727783203125, 0, 0, 0, 0, 1, },
			{ 0.999994099140167236328125, 0, -0.0034439642913639545440673828125, 0, 0, 1, 0, 0, 0.0034439642913639545440673828125, 0, 0.999994099140167236328125, 0, 0, 0, 0, 1, },
			{ 0.999998748302459716796875, 0, -0.001560067175887525081634521484375, 0, 0, 1, 0, 0, 0.001560067175887525081634521484375, 0, 0.999998748302459716796875, 0, 0, 0, 0, 1, },
			{ 0.99999988079071044921875, 0, -0.00039736882899887859821319580078125, 0, 0, 1, 0, 0, 0.00039736882899887859821319580078125, 0, 0.99999988079071044921875, 0, 0, 0, 0, 1, },
			{ 1, 0, 0, 0, 0, 1, 0, 0, 0, 0, 1, 0, 0, 0, 0, 1, },
		},
	}
end