function data()
return { 
		times = { 0, 41.667000000000001591615728102624416351318359375, 83.332999999999998408384271897375583648681640625, 125, 166.667000000000001591615728102624416351318359375, 208.332999999999998408384271897375583648681640625, 250, 291.66699999999997316990629769861698150634765625, 333.33300000000002683009370230138301849365234375, 375, 416.66699999999997316990629769861698150634765625, 458.33300000000002683009370230138301849365234375, 500, 541.6670000000000300133251585066318511962890625, 583.3329999999999699866748414933681488037109375, 625, 666.6670000000000300133251585066318511962890625, 708.3329999999999699866748414933681488037109375, 750, 791.6670000000000300133251585066318511962890625, 833.3329999999999699866748414933681488037109375, 875, 916.6670000000000300133251585066318511962890625, 958.3329999999999699866748414933681488037109375, 1000, 1041.66699999999991632648743689060211181640625, 1083.33300000000008367351256310939788818359375, 1125, 1166.66699999999991632648743689060211181640625, 1208.33300000000008367351256310939788818359375, 1250, 1291.66699999999991632648743689060211181640625, 1333.33300000000008367351256310939788818359375, 1375, 1416.66699999999991632648743689060211181640625, 1458.33300000000008367351256310939788818359375, 1500, 1541.66699999999991632648743689060211181640625, 1583.33300000000008367351256310939788818359375, 1625, 1666.66699999999991632648743689060211181640625, 1708.33300000000008367351256310939788818359375, 1750, 1791.66699999999991632648743689060211181640625, 1833.33300000000008367351256310939788818359375, 1875, 1916.66699999999991632648743689060211181640625, 1958.33300000000008367351256310939788818359375, 2000, 2041.66699999999991632648743689060211181640625, 2083.33300000000008367351256310939788818359375, 2125, 2166.66699999999991632648743689060211181640625, 2208.33300000000008367351256310939788818359375, 2250, 2291.66699999999991632648743689060211181640625, 2333.33300000000008367351256310939788818359375, 2375, 2416.66699999999991632648743689060211181640625, 2458.33300000000008367351256310939788818359375, 2500, 2541.66699999999991632648743689060211181640625, 2583.33300000000008367351256310939788818359375, 2625, 2666.66699999999991632648743689060211181640625, 2708.33300000000008367351256310939788818359375, 2750, 2791.66699999999991632648743689060211181640625, 2833.33300000000008367351256310939788818359375, 2875, 2916.66699999999991632648743689060211181640625, 2958.33300000000008367351256310939788818359375, 3000, 3041.66699999999991632648743689060211181640625, 3083.33300000000008367351256310939788818359375, 3125, 3166.66699999999991632648743689060211181640625, 3208.33300000000008367351256310939788818359375, 3250, 3291.66699999999991632648743689060211181640625, 3333.33300000000008367351256310939788818359375, 3375, 3416.66699999999991632648743689060211181640625, 3458.33300000000008367351256310939788818359375, 3500, 3541.66699999999991632648743689060211181640625, 3583.33300000000008367351256310939788818359375, 3625, 3666.66699999999991632648743689060211181640625, 3750, 3791.66699999999991632648743689060211181640625, 3833.33300000000008367351256310939788818359375, 3875, 3916.66699999999991632648743689060211181640625, 3958.33300000000008367351256310939788818359375, 4000, 4041.66699999999991632648743689060211181640625, 4083.33300000000008367351256310939788818359375, 4125, 4166.6670000000003710738383233547210693359375, },
		transfs = {
			{ 1, 0, 0, 0, 0, 1, 0, 0, 0, 0, 1, 0, 0, 0, 0, 1, },
			{ 0.999999523162841796875, 0, 0.00098788551986217498779296875, 0, 0, 1, 0, 0, -0.00098788551986217498779296875, 0, 0.999999523162841796875, 0, 0, 0, 0, 1, },
			{ 0.999992787837982177734375, 0, 0.00377645879052579402923583984375, 0, 0, 1, 0, 0, -0.00377645879052579402923583984375, 0, 0.999992787837982177734375, 0, 0, 0, 0, 1, },
			{ 0.999967098236083984375, 0, 0.008103045634925365447998046875, 0, 0, 1, 0, 0, -0.008103045634925365447998046875, 0, 0.999967098236083984375, 0, 0, 0, 0, 1, },
			{ 0.999906003475189208984375, 0, 0.013704843819141387939453125, 0, 0, 1, 0, 0, -0.013704843819141387939453125, 0, 0.999906003475189208984375, 0, 0, 0, 0, 1, },
			{ 0.999793529510498046875, 0, 0.020318873226642608642578125, 0, 0, 1, 0, 0, -0.020318873226642608642578125, 0, 0.999793529510498046875, 0, 0, 0, 0, 1, },
			{ 0.99961674213409423828125, 0, 0.0276819802820682525634765625, 0, 0, 1, 0, 0, -0.0276819802820682525634765625, 0, 0.99961674213409423828125, 0, 0, 0, 0, 1, },
			{ 0.99936854839324951171875, 0, 0.03553092479705810546875, 0, 0, 1, 0, 0, -0.03553092479705810546875, 0, 0.99936854839324951171875, 0, 0, 0, 0, 1, },
			{ 0.999048888683319091796875, 0, 0.0436024926602840423583984375, 0, 0, 1, 0, 0, -0.0436024926602840423583984375, 0, 0.999048888683319091796875, 0, 0, 0, 0, 1, },
			{ 0.9986660480499267578125, 0, 0.0516336746513843536376953125, 0, 0, 1, 0, 0, -0.0516336746513843536376953125, 0, 0.9986660480499267578125, 0, 0, 0, 0, 1, },
			{ 0.99823653697967529296875, 0, 0.0593618415296077728271484375, 0, 0, 1, 0, 0, -0.0593618415296077728271484375, 0, 0.99823653697967529296875, 0, 0, 0, 0, 1, },
			{ 0.99778139591217041015625, 0, 0.066575713455677032470703125, 0, 0, 1, 0, 0, -0.066575713455677032470703125, 0, 0.99778139591217041015625, 0, 0, 0, 0, 1, },
			{ 0.997312247753143310546875, 0, 0.073267541825771331787109375, 0, 0, 1, 0, 0, -0.073267541825771331787109375, 0, 0.997312247753143310546875, 0, 0, 0, 0, 1, },
			{ 0.996836364269256591796875, 0, 0.079480469226837158203125, 0, 0, 1, 0, 0, -0.079480469226837158203125, 0, 0.996836364269256591796875, 0, 0, 0, 0, 1, },
			{ 0.9963588714599609375, 0, 0.0852576196193695068359375, 0, 0, 1, 0, 0, -0.0852576196193695068359375, 0, 0.9963588714599609375, 0, 0, 0, 0, 1, },
			{ 0.995883524417877197265625, 0, 0.090642102062702178955078125, 0, 0, 1, 0, 0, -0.090642102062702178955078125, 0, 0.995883524417877197265625, 0, 0, 0, 0, 1, },
			{ 0.995412349700927734375, 0, 0.095676980912685394287109375, 0, 0, 1, 0, 0, -0.095676980912685394287109375, 0, 0.995412349700927734375, 0, 0, 0, 0, 1, },
			{ 0.99494659900665283203125, 0, 0.100405164062976837158203125, 0, 0, 1, 0, 0, -0.100405164062976837158203125, 0, 0.99494659900665283203125, 0, 0, 0, 0, 1, },
			{ 0.99448597431182861328125, 0, 0.1048696339130401611328125, 0, 0, 1, 0, 0, -0.1048696339130401611328125, 0, 0.99448597431182861328125, 0, 0, 0, 0, 1, },
			{ 0.994029343128204345703125, 0, 0.10911332070827484130859375, 0, 0, 1, 0, 0, -0.10911332070827484130859375, 0, 0.994029343128204345703125, 0, 0, 0, 0, 1, },
			{ 0.993574619293212890625, 0, 0.113178916275501251220703125, 0, 0, 1, 0, 0, -0.113178916275501251220703125, 0, 0.993574619293212890625, 0, 0, 0, 0, 1, },
			{ 0.9931199550628662109375, 0, 0.117101252079010009765625, 0, 0, 1, 0, 0, -0.117101252079010009765625, 0, 0.9931199550628662109375, 0, 0, 0, 0, 1, },
			{ 0.992666721343994140625, 0, 0.1208835542201995849609375, 0, 0, 1, 0, 0, -0.1208835542201995849609375, 0, 0.992666721343994140625, 0, 0, 0, 0, 1, },
			{ 0.99221694469451904296875, 0, 0.12452113628387451171875, 0, 0, 1, 0, 0, -0.12452113628387451171875, 0, 0.99221694469451904296875, 0, 0, 0, 0, 1, },
			{ 0.991772949695587158203125, 0, 0.1280092298984527587890625, 0, 0, 1, 0, 0, -0.1280092298984527587890625, 0, 0.991772949695587158203125, 0, 0, 0, 0, 1, },
			{ 0.991336882114410400390625, 0, 0.1313431560993194580078125, 0, 0, 1, 0, 0, -0.1313431560993194580078125, 0, 0.991336882114410400390625, 0, 0, 0, 0, 1, },
			{ 0.99091112613677978515625, 0, 0.1345181763172149658203125, 0, 0, 1, 0, 0, -0.1345181763172149658203125, 0, 0.99091112613677978515625, 0, 0, 0, 0, 1, },
			{ 0.990497589111328125, 0, 0.13752980530261993408203125, 0, 0, 1, 0, 0, -0.13752980530261993408203125, 0, 0.990497589111328125, 0, 0, 0, 0, 1, },
			{ 0.99009859561920166015625, 0, 0.14037324488162994384765625, 0, 0, 1, 0, 0, -0.14037324488162994384765625, 0, 0.99009859561920166015625, 0, 0, 0, 0, 1, },
			{ 0.9897162914276123046875, 0, 0.1430438458919525146484375, 0, 0, 1, 0, 0, -0.1430438458919525146484375, 0, 0.9897162914276123046875, 0, 0, 0, 0, 1, },
			{ 0.98935282230377197265625, 0, 0.14553697407245635986328125, 0, 0, 1, 0, 0, -0.14553697407245635986328125, 0, 0.98935282230377197265625, 0, 0, 0, 0, 1, },
			{ 0.989010274410247802734375, 0, 0.1478468477725982666015625, 0, 0, 1, 0, 0, -0.1478468477725982666015625, 0, 0.989010274410247802734375, 0, 0, 0, 0, 1, },
			{ 0.9886915683746337890625, 0, 0.14996291697025299072265625, 0, 0, 1, 0, 0, -0.14996291697025299072265625, 0, 0.9886915683746337890625, 0, 0, 0, 0, 1, },
			{ 0.98839986324310302734375, 0, 0.1518736779689788818359375, 0, 0, 1, 0, 0, -0.1518736779689788818359375, 0, 0.98839986324310302734375, 0, 0, 0, 0, 1, },
			{ 0.9881381988525390625, 0, 0.15356738865375518798828125, 0, 0, 1, 0, 0, -0.15356738865375518798828125, 0, 0.9881381988525390625, 0, 0, 0, 0, 1, },
			{ 0.987909376621246337890625, 0, 0.1550326049327850341796875, 0, 0, 1, 0, 0, -0.1550326049327850341796875, 0, 0.987909376621246337890625, 0, 0, 0, 0, 1, },
			{ 0.987716376781463623046875, 0, 0.1562575399875640869140625, 0, 0, 1, 0, 0, -0.1562575399875640869140625, 0, 0.987716376781463623046875, 0, 0, 0, 0, 1, },
			{ 0.987561881542205810546875, 0, 0.1572305858135223388671875, 0, 0, 1, 0, 0, -0.1572305858135223388671875, 0, 0.987561881542205810546875, 0, 0, 0, 0, 1, },
			{ 0.987448632717132568359375, 0, 0.1579401493072509765625, 0, 0, 1, 0, 0, -0.1579401493072509765625, 0, 0.987448632717132568359375, 0, 0, 0, 0, 1, },
			{ 0.9873790740966796875, 0, 0.1583744585514068603515625, 0, 0, 1, 0, 0, -0.1583744585514068603515625, 0, 0.9873790740966796875, 0, 0, 0, 0, 1, },
			{ 0.987355411052703857421875, 0, 0.15852187573909759521484375, 0, 0, 1, 0, 0, -0.15852187573909759521484375, 0, 0.987355411052703857421875, 0, 0, 0, 0, 1, },
			{ 0.987428724765777587890625, 0, 0.15806488692760467529296875, 0, 0, 1, 0, 0, -0.15806488692760467529296875, 0, 0.987428724765777587890625, 0, 0, 0, 0, 1, },
			{ 0.987637221813201904296875, 0, 0.15675638616085052490234375, 0, 0, 1, 0, 0, -0.15675638616085052490234375, 0, 0.987637221813201904296875, 0, 0, 0, 0, 1, },
			{ 0.98796308040618896484375, 0, 0.1546894609928131103515625, 0, 0, 1, 0, 0, -0.1546894609928131103515625, 0, 0.98796308040618896484375, 0, 0, 0, 0, 1, },
			{ 0.988387048244476318359375, 0, 0.15195719897747039794921875, 0, 0, 1, 0, 0, -0.15195719897747039794921875, 0, 0.988387048244476318359375, 0, 0, 0, 0, 1, },
			{ 0.988889396190643310546875, 0, 0.14865267276763916015625, 0, 0, 1, 0, 0, -0.14865267276763916015625, 0, 0.988889396190643310546875, 0, 0, 0, 0, 1, },
			{ 0.989450871944427490234375, 0, 0.14486889541149139404296875, 0, 0, 1, 0, 0, -0.14486889541149139404296875, 0, 0.989450871944427490234375, 0, 0, 0, 0, 1, },
			{ 0.99005234241485595703125, 0, 0.1406991183757781982421875, 0, 0, 1, 0, 0, -0.1406991183757781982421875, 0, 0.99005234241485595703125, 0, 0, 0, 0, 1, },
			{ 0.990676343441009521484375, 0, 0.13623668253421783447265625, 0, 0, 1, 0, 0, -0.13623668253421783447265625, 0, 0.990676343441009521484375, 0, 0, 0, 0, 1, },
			{ 0.99130618572235107421875, 0, 0.13157527148723602294921875, 0, 0, 1, 0, 0, -0.13157527148723602294921875, 0, 0.99130618572235107421875, 0, 0, 0, 0, 1, },
			{ 0.991927206516265869140625, 0, 0.12680868804454803466796875, 0, 0, 1, 0, 0, -0.12680868804454803466796875, 0, 0.991927206516265869140625, 0, 0, 0, 0, 1, },
			{ 0.992528140544891357421875, 0, 0.122015319764614105224609375, 0, 0, 1, 0, 0, -0.122015319764614105224609375, 0, 0.992528140544891357421875, 0, 0, 0, 0, 1, },
			{ 0.9931070804595947265625, 0, 0.11721050739288330078125, 0, 0, 1, 0, 0, -0.11721050739288330078125, 0, 0.9931070804595947265625, 0, 0, 0, 0, 1, },
			{ 0.993663728237152099609375, 0, 0.112393848598003387451171875, 0, 0, 1, 0, 0, -0.112393848598003387451171875, 0, 0.993663728237152099609375, 0, 0, 0, 0, 1, },
			{ 0.994198024272918701171875, 0, 0.107564985752105712890625, 0, 0, 1, 0, 0, -0.107564985752105712890625, 0, 0.994198024272918701171875, 0, 0, 0, 0, 1, },
			{ 0.99470996856689453125, 0, 0.102723516523838043212890625, 0, 0, 1, 0, 0, -0.102723516523838043212890625, 0, 0.99470996856689453125, 0, 0, 0, 0, 1, },
			{ 0.995199263095855712890625, 0, 0.097869046032428741455078125, 0, 0, 1, 0, 0, -0.097869046032428741455078125, 0, 0.995199263095855712890625, 0, 0, 0, 0, 1, },
			{ 0.995665967464447021484375, 0, 0.093001164495944976806640625, 0, 0, 1, 0, 0, -0.093001164495944976806640625, 0, 0.995665967464447021484375, 0, 0, 0, 0, 1, },
			{ 0.99610984325408935546875, 0, 0.088119514286518096923828125, 0, 0, 1, 0, 0, -0.088119514286518096923828125, 0, 0.99610984325408935546875, 0, 0, 0, 0, 1, },
			{ 0.99653089046478271484375, 0, 0.083223663270473480224609375, 0, 0, 1, 0, 0, -0.083223663270473480224609375, 0, 0.99653089046478271484375, 0, 0, 0, 0, 1, },
			{ 0.996928751468658447265625, 0, 0.078313291072845458984375, 0, 0, 1, 0, 0, -0.078313291072845458984375, 0, 0.996928751468658447265625, 0, 0, 0, 0, 1, },
			{ 0.997303426265716552734375, 0, 0.073388300836086273193359375, 0, 0, 1, 0, 0, -0.073388300836086273193359375, 0, 0.997303426265716552734375, 0, 0, 0, 0, 1, },
			{ 0.99765455722808837890625, 0, 0.068450056016445159912109375, 0, 0, 1, 0, 0, -0.068450056016445159912109375, 0, 0.99765455722808837890625, 0, 0, 0, 0, 1, },
			{ 0.9979817867279052734375, 0, 0.063500247895717620849609375, 0, 0, 1, 0, 0, -0.063500247895717620849609375, 0, 0.9979817867279052734375, 0, 0, 0, 0, 1, },
			{ 0.9982850551605224609375, 0, 0.058540545403957366943359375, 0, 0, 1, 0, 0, -0.058540545403957366943359375, 0, 0.9982850551605224609375, 0, 0, 0, 0, 1, },
			{ 0.99856388568878173828125, 0, 0.0535726957023143768310546875, 0, 0, 1, 0, 0, -0.0535726957023143768310546875, 0, 0.99856388568878173828125, 0, 0, 0, 0, 1, },
			{ 0.99881839752197265625, 0, 0.0485983602702617645263671875, 0, 0, 1, 0, 0, -0.0485983602702617645263671875, 0, 0.99881839752197265625, 0, 0, 0, 0, 1, },
			{ 0.999048173427581787109375, 0, 0.0436192490160465240478515625, 0, 0, 1, 0, 0, -0.0436192490160465240478515625, 0, 0.999048173427581787109375, 0, 0, 0, 0, 1, },
			{ 0.999253332614898681640625, 0, 0.0386370755732059478759765625, 0, 0, 1, 0, 0, -0.0386370755732059478759765625, 0, 0.999253332614898681640625, 0, 0, 0, 0, 1, },
			{ 0.9994335174560546875, 0, 0.0336535535752773284912109375, 0, 0, 1, 0, 0, -0.0336535535752773284912109375, 0, 0.9994335174560546875, 0, 0, 0, 0, 1, },
			{ 0.999588906764984130859375, 0, 0.02867037616670131683349609375, 0, 0, 1, 0, 0, -0.02867037616670131683349609375, 0, 0.999588906764984130859375, 0, 0, 0, 0, 1, },
			{ 0.99971902370452880859375, 0, 0.0237029083073139190673828125, 0, 0, 1, 0, 0, -0.0237029083073139190673828125, 0, 0.99971902370452880859375, 0, 0, 0, 0, 1, },
			{ 0.9998228549957275390625, 0, 0.0188211314380168914794921875, 0, 0, 1, 0, 0, -0.0188211314380168914794921875, 0, 0.9998228549957275390625, 0, 0, 0, 0, 1, },
			{ 0.999900400638580322265625, 0, 0.014108703471720218658447265625, 0, 0, 1, 0, 0, -0.014108703471720218658447265625, 0, 0.999900400638580322265625, 0, 0, 0, 0, 1, },
			{ 0.99995338916778564453125, 0, 0.009649285115301609039306640625, 0, 0, 1, 0, 0, -0.009649285115301609039306640625, 0, 0.99995338916778564453125, 0, 0, 0, 0, 1, },
			{ 0.999984681606292724609375, 0, 0.005526526831090450286865234375, 0, 0, 1, 0, 0, -0.005526526831090450286865234375, 0, 0.999984681606292724609375, 0, 0, 0, 0, 1, },
			{ 0.9999983310699462890625, 0, 0.00182405277155339717864990234375, 0, 0, 1, 0, 0, -0.00182405277155339717864990234375, 0, 0.9999983310699462890625, 0, 0, 0, 0, 1, },
			{ 0.99999904632568359375, 0, -0.001374545390717685222625732421875, 0, 0, 1, 0, 0, 0.001374545390717685222625732421875, 0, 0.99999904632568359375, 0, 0, 0, 0, 1, },
			{ 0.999992072582244873046875, 0, -0.0039857137016952037811279296875, 0, 0, 1, 0, 0, 0.0039857137016952037811279296875, 0, 0.999992072582244873046875, 0, 0, 0, 0, 1, },
			{ 0.999982357025146484375, 0, -0.0059259240515530109405517578125, 0, 0, 1, 0, 0, 0.0059259240515530109405517578125, 0, 0.999982357025146484375, 0, 0, 0, 0, 1, },
			{ 0.999974727630615234375, 0, -0.0071116671897470951080322265625, 0, 0, 1, 0, 0, 0.0071116671897470951080322265625, 0, 0.999974727630615234375, 0, 0, 0, 0, 1, },
			{ 0.999969422817230224609375, 0, -0.007816880010068416595458984375, 0, 0, 1, 0, 0, 0.007816880010068416595458984375, 0, 0.999969422817230224609375, 0, 0, 0, 0, 1, },
			{ 0.999964892864227294921875, 0, -0.00838156603276729583740234375, 0, 0, 1, 0, 0, 0.00838156603276729583740234375, 0, 0.999964892864227294921875, 0, 0, 0, 0, 1, },
			{ 0.99996101856231689453125, 0, -0.008821344934403896331787109375, 0, 0, 1, 0, 0, 0.008821344934403896331787109375, 0, 0.99996101856231689453125, 0, 0, 0, 0, 1, },
			{ 0.999958038330078125, 0, -0.00915182568132877349853515625, 0, 0, 1, 0, 0, 0.00915182568132877349853515625, 0, 0.999958038330078125, 0, 0, 0, 0, 1, },
			{ 0.999955952167510986328125, 0, -0.00938862748444080352783203125, 0, 0, 1, 0, 0, 0.00938862748444080352783203125, 0, 0.999955952167510986328125, 0, 0, 0, 0, 1, },
			{ 0.99995434284210205078125, 0, -0.00954736210405826568603515625, 0, 0, 1, 0, 0, 0.00954736210405826568603515625, 0, 0.99995434284210205078125, 0, 0, 0, 0, 1, },
			{ 0.9999535083770751953125, 0, -0.00964364223182201385498046875, 0, 0, 1, 0, 0, 0.00964364223182201385498046875, 0, 0.9999535083770751953125, 0, 0, 0, 0, 1, },
			{ 0.9999530315399169921875, 0, -0.009693087078630924224853515625, 0, 0, 1, 0, 0, 0.009693087078630924224853515625, 0, 0.9999530315399169921875, 0, 0, 0, 0, 1, },
			{ 0.999952733516693115234375, 0, -0.009713902138173580169677734375, 0, 0, 1, 0, 0, 0.009713902138173580169677734375, 0, 0.999952733516693115234375, 0, 0, 0, 0, 1, },
			{ 0.999955356121063232421875, 0, -0.009441924281418323516845703125, 0, 0, 1, 0, 0, 0.009441924281418323516845703125, 0, 0.999955356121063232421875, 0, 0, 0, 0, 1, },
			{ 0.999962151050567626953125, 0, -0.00870368443429470062255859375, 0, 0, 1, 0, 0, 0.00870368443429470062255859375, 0, 0.999962151050567626953125, 0, 0, 0, 0, 1, },
			{ 0.999970912933349609375, 0, -0.0076157483272254467010498046875, 0, 0, 1, 0, 0, 0.0076157483272254467010498046875, 0, 0.999970912933349609375, 0, 0, 0, 0, 1, },
			{ 0.9999802112579345703125, 0, -0.0062946672551333904266357421875, 0, 0, 1, 0, 0, 0.0062946672551333904266357421875, 0, 0.9999802112579345703125, 0, 0, 0, 0, 1, },
			{ 0.999988138675689697265625, 0, -0.00485700927674770355224609375, 0, 0, 1, 0, 0, 0.00485700927674770355224609375, 0, 0.999988138675689697265625, 0, 0, 0, 0, 1, },
			{ 0.999994099140167236328125, 0, -0.00341934175230562686920166015625, 0, 0, 1, 0, 0, 0.00341934175230562686920166015625, 0, 0.999994099140167236328125, 0, 0, 0, 0, 1, },
			{ 0.99999773502349853515625, 0, -0.00209823413752019405364990234375, 0, 0, 1, 0, 0, 0.00209823413752019405364990234375, 0, 0.99999773502349853515625, 0, 0, 0, 0, 1, },
			{ 0.99999940395355224609375, 0, -0.001010261476039886474609375, 0, 0, 1, 0, 0, 0.001010261476039886474609375, 0, 0.99999940395355224609375, 0, 0, 0, 0, 1, },
			{ 0.99999988079071044921875, 0, -0.00027199464966543018817901611328125, 0, 0, 1, 0, 0, 0.00027199464966543018817901611328125, 0, 0.99999988079071044921875, 0, 0, 0, 0, 1, },
			{ 1, 0, 0, 0, 0, 1, 0, 0, 0, 0, 1, 0, 0, 0, 0, 1, },
		},
	}
end