function data()
return { 
		times = { 0, 41.667000000000001591615728102624416351318359375, 83.332999999999998408384271897375583648681640625, 125, 166.667000000000001591615728102624416351318359375, 208.332999999999998408384271897375583648681640625, 250, 291.66699999999997316990629769861698150634765625, 333.33300000000002683009370230138301849365234375, 375, 416.66699999999997316990629769861698150634765625, 458.33300000000002683009370230138301849365234375, 500, 541.6670000000000300133251585066318511962890625, 583.3329999999999699866748414933681488037109375, 625, 666.6670000000000300133251585066318511962890625, 708.3329999999999699866748414933681488037109375, 750, 791.6670000000000300133251585066318511962890625, 833.3329999999999699866748414933681488037109375, 875, 916.6670000000000300133251585066318511962890625, 958.3329999999999699866748414933681488037109375, 1000, 1041.66699999999991632648743689060211181640625, 1083.33300000000008367351256310939788818359375, 1125, 1166.66699999999991632648743689060211181640625, 1208.33300000000008367351256310939788818359375, 1250, 1291.66699999999991632648743689060211181640625, 1333.33300000000008367351256310939788818359375, 1375, 1416.66699999999991632648743689060211181640625, 1458.33300000000008367351256310939788818359375, 1500, 1541.66699999999991632648743689060211181640625, 1583.33300000000008367351256310939788818359375, 1625, 1666.66699999999991632648743689060211181640625, 1708.33300000000008367351256310939788818359375, 1750, 1791.66699999999991632648743689060211181640625, 1833.33300000000008367351256310939788818359375, 1875, 1916.66699999999991632648743689060211181640625, 1958.33300000000008367351256310939788818359375, 2000, 2041.66699999999991632648743689060211181640625, 2083.33300000000008367351256310939788818359375, 2125, 2166.66699999999991632648743689060211181640625, 2208.33300000000008367351256310939788818359375, 2250, 2291.66699999999991632648743689060211181640625, 2333.33300000000008367351256310939788818359375, 2375, 2416.66699999999991632648743689060211181640625, 2458.33300000000008367351256310939788818359375, 2500, 2541.66699999999991632648743689060211181640625, 2583.33300000000008367351256310939788818359375, 2625, 2666.66699999999991632648743689060211181640625, 2708.33300000000008367351256310939788818359375, 2750, 2791.66699999999991632648743689060211181640625, 2833.33300000000008367351256310939788818359375, 2875, 2916.66699999999991632648743689060211181640625, 2958.33300000000008367351256310939788818359375, 3000, 3041.66699999999991632648743689060211181640625, 3083.33300000000008367351256310939788818359375, 3125, 3166.66699999999991632648743689060211181640625, 3208.33300000000008367351256310939788818359375, 3250, 3291.66699999999991632648743689060211181640625, 3333.33300000000008367351256310939788818359375, 3375, 3416.66699999999991632648743689060211181640625, 3458.33300000000008367351256310939788818359375, 3500, 3541.66699999999991632648743689060211181640625, 3583.33300000000008367351256310939788818359375, 3625, 3666.66699999999991632648743689060211181640625, 3708.33300000000008367351256310939788818359375, 3750, 3791.66699999999991632648743689060211181640625, 3833.33300000000008367351256310939788818359375, 3875, 3916.66699999999991632648743689060211181640625, 3958.33300000000008367351256310939788818359375, 4000, 4041.66699999999991632648743689060211181640625, 4083.33300000000008367351256310939788818359375, 4125, 4166.6670000000003710738383233547210693359375, },
		transfs = {
			{ 1.00000011920928955078125, -0.00000000000000088817841970012523233890533447265625, -0.0000000000000000030642601803151796977940819755037438198996824212, 0, 0, 1, 0.000000000000000055511151231257827021181583404541015625, 0, -0.0000000000000000030642601803151796977940819755037438198996824212, 0, 1.00000011920928955078125, 0, 0, -0.000000152587887214394868351519107818603515625, 0, 1, },
			{ 0.999999582767486572265625, -0.000000000000482724971107018063776195049285888671875, -0.0009377002133987843990325927734375, 0, 0.00000000000048760995241536875255405902862548828125, 1, 0.000000000005557276860912452320917509496212005615234375, 0, 0.0009377002133987843990325927734375, -0.00000000000555766543897107112570665776729583740234375, 0.999999582767486572265625, 0, 0, -0.000000152587887214394868351519107818603515625, 0, 1, },
			{ 0.999993622303009033203125, -0.000000000001821209849595106788910925388336181640625, -0.0035953223705291748046875, 0, 0.000000000001897593193689317558892071247100830078125, 1, 0.000000000021305235353707985268556512892246246337890625, 0, 0.0035953223705291748046875, -0.000000000021311896691855736207799054682254791259765625, 0.999993622303009033203125, 0, 0, -0.000000152587887214394868351519107818603515625, 0, 1, },
			{ 0.9999701976776123046875, -0.000000000003824940364438589313067495822906494140625, -0.007739484310150146484375, 0, 0.000000000004179323553898939280770719051361083984375, 1, 0.00000000004585454238537067794823087751865386962890625, 0, 0.007739484310150146484375, -0.000000000045885462096606488557881675660610198974609375, 0.9999701976776123046875, 0, 0, -0.000000152587887214394868351519107818603515625, 0, 1, },
			{ 0.99991381168365478515625, -0.000000000006281197784119285643100738525390625, -0.01313675940036773681640625, 0, 0.000000000007303935234403979848138988018035888671875, 1, 0.000000000077813699927986590410000644624233245849609375, 0, 0.01313675940036773681640625, -0.000000000077902961859166452995850704610347747802734375, 0.99991381168365478515625, 0, 0, -0.000000152587887214394868351519107818603515625, 0, 1, },
			{ 0.999808967113494873046875, -0.000000000008977263377119015785865485668182373046875, -0.01955359987914562225341796875, 0, 0.00000000001124345061498388531617820262908935546875, 1, 0.00000000011579059933097823886782862246036529541015625, 0, 0.01955359987914562225341796875, -0.000000000115988274540512747989851050078868865966796875, 0.999808967113494873046875, 0, 0, -0.000000152587887214394868351519107818603515625, 0, 1, },
			{ 0.999642074108123779296875, -0.000000000011712852909795401501469314098358154296875, -0.02675619535148143768310546875, 0, 0.00000000001595612530991274979896843433380126953125, 1, 0.000000000158392465809953364441753365099430084228515625, 0, 0.02675619535148143768310546875, -0.0000000001587625586552121603745035827159881591796875, 0.999642074108123779296875, 0, 0, -0.000000152587887214394868351519107818603515625, 0, 1, },
			{ 0.999404370784759521484375, -0.000000000014312994366105780130737912259064614772796630859375, -0.034510672092437744140625, 0, 0.00000000002137356784615018767681249300949275493621826171875, 1, 0.00000000020422845359302499446130241267383098602294921875, 0, 0.034510672092437744140625, -0.0000000002048443636937236078665591776371002197265625, 0.999404370784759521484375, 0, 0, -0.000000152587887214394868351519107818603515625, 0, 1, },
			{ 0.99909305572509765625, -0.000000000016641354960711396415717899799346923828125, -0.042582988739013671875, 0, 0.00000000002739231064197156229056417942047119140625, 1, 0.000000000251910214910111562858219258487224578857421875, 0, 0.042582988739013671875, -0.00000000025284807581016366384574212133884429931640625, 0.99909305572509765625, 0, 0, -0.000000152587887214394868351519107818603515625, 0, 1, },
			{ 0.998712062835693359375, -0.0000000000186002324653600226156413555145263671875, -0.0507395267486572265625, 0, 0.0000000000338680160305582234059329493902623653411865234375, 1, 0.000000000300055036372981476233690045773983001708984375, 0, 0.0507395267486572265625, -0.0000000003013868321577461983906687237322330474853515625, 0.998712062835693359375, 0, 0, -0.000000152587887214394868351519107818603515625, 0, 1, },
			{ 0.99827301502227783203125, -0.000000000020138113399070789455436170101165771484375, -0.058746688067913055419921875, 0, 0.0000000000406097343252920239820014103315770626068115234375, 1, 0.000000000347284700996652873072889633476734161376953125, 0, 0.058746688067913055419921875, -0.00000000034907043922061120611033402383327484130859375, 0.99827301502227783203125, 0, 0, -0.000000152587887214394868351519107818603515625, 0, 1, },
			{ 0.99779188632965087890625, -0.000000000021253665494214146747253835201263427734375, -0.066418759524822235107421875, 0, 0.000000000047427395344357137219049036502838134765625, 1, 0.000000000392506416257987211793079040944576263427734375, 0, 0.066418759524822235107421875, -0.0000000003947896176637044618473737500607967376708984375, 0.99779188632965087890625, 0, 0, -0.000000152587887214394868351519107818603515625, 0, 1, },
			{ 0.997276127338409423828125, -0.000000000021991741760984950815327465534210205078125, -0.07375998795032501220703125, 0, 0.0000000000542801359415534534491598606109619140625, 1, 0.000000000435749492044834596526925452053546905517578125, 0, 0.07375998795032501220703125, -0.000000000438566072347157387412153184413909912109375, 0.997276127338409423828125, 0, 0, -0.000000152587887214394868351519107818603515625, 0, 1, },
			{ 0.996728599071502685546875, -0.000000000022398527477207608171738684177398681640625, -0.08082188665866851806640625, 0, 0.0000000000611759531921052257530391216278076171875, 1, 0.000000000477320571956596495510893873870372772216796875, 0, 0.08082188665866851806640625, -0.0000000004807032549791756537160836160182952880859375, 0.996728599071502685546875, 0, 0, -0.000000152587887214394868351519107818603515625, 0, 1, },
			{ 0.99615085124969482421875, -0.00000000002250732759889739753589310566894710063934326171875, -0.087656043469905853271484375, 0, 0.000000000068133498842826156760565936565399169921875, 1, 0.000000000517526299592674376981449313461780548095703125, 0, 0.087656043469905853271484375, -0.000000000521506338113653100663213990628719329833984375, 0.99615085124969482421875, 0, 0, -0.000000152587887214394868351519107818603515625, 0, 1, },
			{ 0.995542585849761962890625, -0.000000000022344348593605900532566010951995849609375, -0.094313882291316986083984375, 0, 0.0000000000751807505139368004165589809417724609375, 1, 0.00000000055667126463987415263545699417591094970703125, 0, 0.094313882291316986083984375, -0.000000000561280300015454258755198679864406585693359375, 0.995542585849761962890625, 0, 0, -0.000000152587887214394868351519107818603515625, 0, 1, },
			{ 0.99490201473236083984375, -0.0000000000219255724687172914855182170867919921875, -0.1008468568325042724609375, 0, 0.000000000082355011699064561980776488780975341796875, 1, 0.000000000595059501673489421591511927545070648193359375, 0, 0.1008468568325042724609375, -0.00000000060033078508325843358761630952358245849609375, 0.99490201473236083984375, 0, 0, -0.000000152587887214394868351519107818603515625, 0, 1, },
			{ 0.994226038455963134765625, -0.000000000021258994564732347498647868633270263671875, -0.1073062419891357421875, 0, 0.000000000089701135408404297777451574802398681640625, 1, 0.000000000632993157889671920202090404927730560302734375, 0, 0.1073062419891357421875, -0.00000000063896354873804739327169954776763916015625, 0.994226038455963134765625, 0, 0, -0.000000152587887214394868351519107818603515625, 0, 1, },
			{ 0.99351024627685546875, -0.0000000000203446148816510685719549655914306640625, -0.113743208348751068115234375, 0, 0.000000000097271517229824411288063856773078441619873046875, 1, 0.000000000670773381283851222178782336413860321044921875, 0, 0.113743208348751068115234375, -0.0000000006774840688450467496295459568500518798828125, 0.99351024627685546875, 0, 0, -0.000000152587887214394868351519107818603515625, 0, 1, },
			{ 0.992748677730560302734375, -0.00000000001917399398976282753892519394867122173309326171875, -0.120208762586116790771484375, 0, 0.000000000105127906380175772937946021556854248046875, 1, 0.000000000708699599005768732240539975464344024658203125, 0, 0.120208762586116790771484375, -0.0000000007161975457137259581941179931163787841796875, 0.992748677730560302734375, 0, 0, -0.000000152587887214394868351519107818603515625, 0, 1, },
			{ 0.991934239864349365234375, -0.000000000017731149881683450075797736644744873046875, -0.12675382196903228759765625, 0, 0.000000000113338664842199676741074654273688793182373046875, 1, 0.00000000074706940633717522359802387654781341552734375, 0, 0.12675382196903228759765625, -0.00000000075540962374276432456099428236484527587890625, 0.991934239864349365234375, 0, 0, -0.000000152587887214394868351519107818603515625, 0, 1, },
			{ 0.991060674190521240234375, -0.0000000000159960933387992554344236850738525390625, -0.13341216742992401123046875, 0, 0.000000000121958887433493146090768277645111083984375, 1, 0.00000000078608020093184904908412136137485504150390625, 0, 0.13341216742992401123046875, -0.00000000079532369579027317740838043391704559326171875, 0.991060674190521240234375, 0, 0, -0.000000152587887214394868351519107818603515625, 0, 1, },
			{ 0.990130364894866943359375, -0.000000000013965716604003031164893400273285806179046630859375, -0.14014975726604461669921875, 0, 0.00000000013095569073584556463174521923065185546875, 1, 0.000000000825531476511542905427631922066211700439453125, 0, 0.14014975726604461669921875, -0.00000000083573692410965350063634105026721954345703125, 0.990130364894866943359375, 0, 0, -0.000000152587887214394868351519107818603515625, 0, 1, },
			{ 0.989149034023284912109375, -0.000000000011648015885157292359508574008941650390625, -0.1469159424304962158203125, 0, 0.00000000014027090600166047806851565837860107421875, 1, 0.00000000086512541574990109438658691942691802978515625, 0, 0.1469159424304962158203125, -0.000000000876345607192519082673243246972560882568359375, 0.989149034023284912109375, 0, 0, -0.000000152587887214394868351519107818603515625, 0, 1, },
			{ 0.988123834133148193359375, -0.00000000000905853170252157724462449550628662109375, -0.1536600589752197265625, 0, 0.000000000149833478957361876382492482662200927734375, 1, 0.000000000904566255233163474258617497980594635009765625, 0, 0.1536600589752197265625, -0.000000000916846543130844793267897330224514007568359375, 0.988123834133148193359375, 0, 0, -0.000000152587887214394868351519107818603515625, 0, 1, },
			{ 0.987063229084014892578125, -0.000000000006222133919209227315150201320648193359375, -0.16033177077770233154296875, 0, 0.000000000159568802615694949054159224033355712890625, 1, 0.0000000009435596748375019160448573529720306396484375, 0, 0.16033177077770233154296875, -0.0000000009569365300166055021691136062145233154296875, 0.987063229084014892578125, 0, 0, -0.000000152587887214394868351519107818603515625, 0, 1, },
			{ 0.98597705364227294921875, -0.0000000000031707969583294470794498920440673828125, -0.16688095033168792724609375, 0, 0.000000000169392055937578334123827517032623291015625, 1, 0.0000000009818135193739863098016940057277679443359375, 0, 0.16688095033168792724609375, -0.0000000009963134761648007042822428047657012939453125, 0.98597705364227294921875, 0, 0, -0.000000152587887214394868351519107818603515625, 0, 1, },
			{ 0.9848766326904296875, 0.000000000000054622972811557701788842678070068359375, -0.17325770854949951171875, 0, 0.000000000179211756545782918692566454410552978515625, 1, 0.0000000010190379651220382584142498672008514404296875, 0, 0.17325770854949951171875, -0.000000001034675900513093438348732888698577880859375, 0.9848766326904296875, 0, 0, -0.000000152587887214394868351519107818603515625, 0, 1, },
			{ 0.983774006366729736328125, 0.000000000003407052417969680391252040863037109375, -0.17941237986087799072265625, 0, 0.00000000018892885866872433098251349292695522308349609375, 1, 0.000000001054945020229069996275939047336578369140625, 0, 0.17941237986087799072265625, -0.00000000107172326568871767449309118092060089111328125, 0.983774006366729736328125, 0, 0, -0.000000152587887214394868351519107818603515625, 0, 1, },
			{ 0.9826829433441162109375, 0.0000000000068323120598623443555652556824497878551483154296875, -0.18529556691646575927734375, 0, 0.000000000198436822529401979409158229827880859375, 1, 0.0000000010892493573777528581558726727962493896484375, 0, 0.18529556691646575927734375, -0.000000001107155700452722157933749258518218994140625, 0.9826829433441162109375, 0, 0, -0.000000152587887214394868351519107818603515625, 0, 1, },
			{ 0.981617629528045654296875, 0.000000000010269562977782697998918592929840087890625, -0.1908581256866455078125, 0, 0.00000000020762590258183166724847978912293910980224609375, 1, 0.00000000112166642640687541643274016678333282470703125, 0, 0.1908581256866455078125, -0.00000000114067422174457533401437103748321533203125, 0.981617629528045654296875, 0, 0, -0.000000152587887214394868351519107818603515625, 0, 1, },
			{ 0.980593264102935791015625, 0.000000000013655299113679575384594500064849853515625, -0.1960535943508148193359375, 0, 0.00000000021638424385628240997903048992156982421875, 1, 0.00000000115192910765671285844291560351848602294921875, 0, 0.1960535943508148193359375, -0.00000000117199638882681256291107274591922760009765625, 0.980593264102935791015625, 0, 0, -0.000000152587887214394868351519107818603515625, 0, 1, },
			{ 0.979623019695281982421875, 0.00000000001692779250106468680314719676971435546875, -0.20084564387798309326171875, 0, 0.00000000022461231485859656231696135364472866058349609375, 1, 0.0000000011798289012432405797881074249744415283203125, 0, 0.20084564387798309326171875, -0.00000000120089926891608911319053731858730316162109375, 0.979623019695281982421875, 0, 0, -0.000000152587887214394868351519107818603515625, 0, 1, },
			{ 0.978720009326934814453125, 0.000000000020027979275027973926626145839691162109375, -0.20520041882991790771484375, 0, 0.00000000023221467804201978424316621385514736175537109375, 1, 0.00000000120517185120405656562070362269878387451171875, 0, 0.20520041882991790771484375, -0.00000000122717602746291731818928383290767669677734375, 0.978720009326934814453125, 0, 0, -0.000000152587887214394868351519107818603515625, 0, 1, },
			{ 0.97789776325225830078125, 0.00000000002289412930067680207457669894210994243621826171875, -0.20908428728580474853515625, 0, 0.000000000239097186494063862483017146587371826171875, 1, 0.00000000122776544486669081379659473896026611328125, 0, 0.20908428728580474853515625, -0.0000000012506198299178095112438313663005828857421875, 0.97789776325225830078125, 0, 0, -0.000000152587887214394868351519107818603515625, 0, 1, },
			{ 0.977169096469879150390625, 0.00000000002546496347122229053638875484466552734375, -0.2124635279178619384765625, 0, 0.000000000245162112832986167632043361663818359375, 1, 0.0000000012474166144471610095934011042118072509765625, 0, 0.2124635279178619384765625, -0.0000000012710243968427903382689692080020904541015625, 0.977169096469879150390625, 0, 0, -0.000000152587887214394868351519107818603515625, 0, 1, },
			{ 0.97654712200164794921875, 0.00000000002768274498521350324153900146484375, -0.2153044641017913818359375, 0, 0.0000000002503179608037697789768571965396404266357421875, 1, 0.00000000126393240318378730080439709126949310302734375, 0, 0.2153044641017913818359375, -0.0000000012881835598221869076951406896114349365234375, 0.97654712200164794921875, 0, 0, -0.000000152587887214394868351519107818603515625, 0, 1, },
			{ 0.97604405879974365234375, 0.0000000000294910727782760062609668239019811153411865234375, -0.2175733149051666259765625, 0, 0.0000000002544719990282828803174197673797607421875, 1, 0.000000001277119299203377522644586861133575439453125, 0, 0.2175733149051666259765625, -0.000000001301890595328814015374518930912017822265625, 0.97604405879974365234375, 0, 0, -0.000000152587887214394868351519107818603515625, 0, 1, },
			{ 0.975671947002410888671875, 0.00000000003083666655356864794157445430755615234375, -0.219236195087432861328125, 0, 0.0000000002575379909330877126194536685943603515625, 1, 0.00000000128678234734280749762547202408313751220703125, 0, 0.219236195087432861328125, -0.00000000131193844676857906961231492459774017333984375, 0.975671947002410888671875, 0, 0, -0.000000152587887214394868351519107818603515625, 0, 1, },
			{ 0.975441455841064453125, 0.00000000003167333062492616591043770313262939453125, -0.22025911509990692138671875, 0, 0.0000000002594320036575226140485028736293315887451171875, 1, 0.00000000129272592630513827316462993621826171875, 0, 0.22025911509990692138671875, -0.000000001318120279591994403745047748088836669921875, 0.975441455841064453125, 0, 0, -0.000000152587887214394868351519107818603515625, 0, 1, },
			{ 0.97536265850067138671875, 0.0000000000319602122544893063604831695556640625, -0.220607757568359375, 0, 0.00000000026007906939184977090917527675628662109375, 1, 0.0000000012947516392358693337882868945598602294921875, 0, 0.220607757568359375, -0.0000000013202272608481280258274637162685394287109375, 0.97536265850067138671875, 0, 0, -0.000000152587887214394868351519107818603515625, 0, 1, },
			{ 0.975584685802459716796875, 0.000000000031153302160191742586903274059295654296875, -0.21962432563304901123046875, 0, 0.0000000002582556390962054138071835041046142578125, 1, 0.0000000012890375433727285781060345470905303955078125, 0, 0.21962432563304901123046875, -0.0000000013142840149527046378352679312229156494140625, 0.975584685802459716796875, 0, 0, -0.000000152587887214394868351519107818603515625, 0, 1, },
			{ 0.976193904876708984375, 0.000000000028951063768545282073318958282470703125, -0.21690009534358978271484375, 0, 0.0000000002532360710016945404277066700160503387451171875, 1, 0.000000001273206873264598470996133983135223388671875, 0, 0.21690009534358978271484375, -0.00000000129782318225579729187302291393280029296875, 0.976193904876708984375, 0, 0, -0.000000152587887214394868351519107818603515625, 0, 1, },
			{ 0.977101743221282958984375, 0.000000000025704327555331474286504089832305908203125, -0.2127732336521148681640625, 0, 0.0000000002457216374818216308995033614337444305419921875, 1, 0.000000001249217174148498088470660150051116943359375, 0, 0.2127732336521148681640625, -0.0000000012728949005946788020082749426364898681640625, 0.977101743221282958984375, 0, 0, -0.000000152587887214394868351519107818603515625, 0, 1, },
			{ 0.97821772098541259765625, 0.00000000002177369395894857007078826427459716796875, -0.207581698894500732421875, 0, 0.000000000236422881272346785408444702625274658203125, 1, 0.00000000121902543614993419396341778337955474853515625, 0, 0.207581698894500732421875, -0.0000000012415488637174121322459541261196136474609375, 0.97821772098541259765625, 0, 0, -0.000000152587887214394868351519107818603515625, 0, 1, },
			{ 0.979454815387725830078125, 0.00000000001750155576019096770323812961578369140625, -0.20166425406932830810546875, 0, 0.000000000226032081940275020315311849117279052734375, 1, 0.0000000011845937564203268266282975673675537109375, 0, 0.20166425406932830810546875, -0.00000000120583798501883165954495780169963836669921875, 0.979454815387725830078125, 0, 0, -0.000000152587887214394868351519107818603515625, 0, 1, },
			{ 0.980731487274169921875, 0.000000000013194333646493472400607060990296304225921630859375, -0.19536101818084716796875, 0, 0.00000000021520651927176004392094910144805908203125, 1, 0.0000000011478960004751570522785186767578125, 0, 0.19536101818084716796875, -0.00000000116782017389738257406861521303653717041015625, 0.980731487274169921875, 0, 0, -0.000000152587887214394868351519107818603515625, 0, 1, },
			{ 0.981974422931671142578125, 0.00000000000910826969402478425763547420501708984375, -0.189013898372650146484375, 0, 0.00000000020455813432018743469598121009767055511474609375, 1, 0.000000001110920688773830988793633878231048583984375, 0, 0.189013898372650146484375, -0.00000000112955966802275042937253601849079132080078125, 0.981974422931671142578125, 0, 0, -0.000000152587887214394868351519107818603515625, 0, 1, },
			{ 0.983119308948516845703125, 0.000000000005450306872489818488247692584991455078125, -0.18296651542186737060546875, 0, 0.00000000019464696521254154504276812076568603515625, 1, 0.0000000010756711077419822686351835727691650390625, 0, 0.18296651542186737060546875, -0.00000000109312636720204636731068603694438934326171875, 0.983119308948516845703125, 0, 0, -0.000000152587887214394868351519107818603515625, 0, 1, },
			{ 0.984109401702880859375, 0.000000000002375433183487984933890402317047119140625, -0.177563965320587158203125, 0, 0.00000000018598587947504796602515853010118007659912109375, 1, 0.000000001044163422392330176080577075481414794921875, 0, 0.177563965320587158203125, -0.0000000010605949452013874179101549088954925537109375, 0.984109401702880859375, 0, 0, -0.000000152587887214394868351519107818603515625, 0, 1, },
			{ 0.984895050525665283203125, -0.000000000000000444089209850062616169452667236328125, -0.17315258085727691650390625, 0, 0.00000000017904742966035058771012700162827968597412109375, 1, 0.000000001018424455878630396910011768341064453125, 0, 0.17315258085727691650390625, -0.00000000103404340645596448666765354573726654052734375, 0.984895050525665283203125, 0, 0, -0.000000152587887214394868351519107818603515625, 0, 1, },
			{ 0.98544824123382568359375, -0.000000000001636468629877263492033989678020589053630828857421875, -0.16997636854648590087890625, 0, 0.0000000001741273791822095518000423908233642578125, 1, 0.0000000009998857297688346079667098820209503173828125, 0, 0.16997636854648590087890625, -0.0000000010149328044661842795903794467449188232421875, 0.98544824123382568359375, 0, 0, -0.000000152587887214394868351519107818603515625, 0, 1, },
			{ 0.985809624195098876953125, -0.00000000000268851585959184458118897964595817029476165771484375, -0.16786809265613555908203125, 0, 0.000000000170895742002130646142177283763885498046875, 1, 0.00000000098757724220632780998130328953266143798828125, 0, 0.16786809265613555908203125, -0.00000000100225061583358865391346625983715057373046875, 0.985809624195098876953125, 0, 0, -0.000000152587887214394868351519107818603515625, 0, 1, },
			{ 0.986032009124755859375, -0.00000000000332800432177593474847299148677848279476165771484375, -0.1665566861629486083984375, 0, 0.00000000016889999121527665693065500818192958831787109375, 1, 0.0000000009799199229831856428063474595546722412109375, 0, 0.1665566861629486083984375, -0.00000000099436336942204661681898869574069976806640625, 0.986032009124755859375, 0, 0, -0.000000152587887214394868351519107818603515625, 0, 1, },
			{ 0.98616445064544677734375, -0.000000000003706812634618472657166421413421630859375, -0.16577053070068359375, 0, 0.000000000167708069653826896683312952518463134765625, 1, 0.00000000097532915077636062051169574260711669921875, 0, 0.16577053070068359375, -0.000000000989635484671680387691594660282135009765625, 0.98616445064544677734375, 0, 0, -0.000000152587887214394868351519107818603515625, 0, 1, },
			{ 0.98625385761260986328125, -0.000000000003961719841072408598847687244415283203125, -0.16523756086826324462890625, 0, 0.00000000016690247794937107528312481008470058441162109375, 1, 0.000000000972216529504521531634964048862457275390625, 0, 0.16523756086826324462890625, -0.00000000098643038182189002327504567801952362060546875, 0.98625385761260986328125, 0, 0, -0.000000152587887214394868351519107818603515625, 0, 1, },
			{ 0.98634612560272216796875, -0.00000000000422328838567409547977149486541748046875, -0.1646855175495147705078125, 0, 0.00000000016606936659169235781519091688096523284912109375, 1, 0.000000000968992441841010077041573822498321533203125, 0, 0.1646855175495147705078125, -0.00000000098311081497826080521917901933193206787109375, 0.98634612560272216796875, 0, 0, -0.000000152587887214394868351519107818603515625, 0, 1, },
			{ 0.9864866733551025390625, -0.000000000004619860050070201396010816097259521484375, -0.16384209692478179931640625, 0, 0.0000000001648015057753582368604838848114013671875, 1, 0.0000000009640661602361433324404060840606689453125, 0, 0.16384209692478179931640625, -0.000000000978039427224075552658177912235260009765625, 0.9864866733551025390625, 0, 0, -0.000000152587887214394868351519107818603515625, 0, 1, },
			{ 0.986719310283660888671875, -0.0000000000052708943980295241971134601044468581676483154296875, -0.162434756755828857421875, 0, 0.00000000016269428859683188193230307660996913909912109375, 1, 0.0000000009558458469172137483838014304637908935546875, 0, 0.162434756755828857421875, -0.00000000096957819550880230963230133056640625, 0.986719310283660888671875, 0, 0, -0.000000152587887214394868351519107818603515625, 0, 1, },
			{ 0.98708617687225341796875, -0.000000000006284750497798086144030094146728515625, -0.160190641880035400390625, 0, 0.000000000159360080687065419624559581279754638671875, 1, 0.0000000009427350011748103497666306793689727783203125, 0, 0.160190641880035400390625, -0.0000000009560883196257918825722299516201019287109375, 0.98708617687225341796875, 0, 0, -0.000000152587887214394868351519107818603515625, 0, 1, },
			{ 0.987624645233154296875, -0.00000000000774225128452599165029823780059814453125, -0.1568361818790435791015625, 0, 0.00000000015443422929362071727155125699937343597412109375, 1, 0.000000000923132237318213810794986784458160400390625, 0, 0.1568361818790435791015625, -0.00000000093592877892234582759556360542774200439453125, 0.987624645233154296875, 0, 0, -0.000000152587887214394868351519107818603515625, 0, 1, },
			{ 0.988353788852691650390625, -0.000000000009653167154510811087675392627716064453125, -0.1521741449832916259765625, 0, 0.000000000147702738928501275950111448764801025390625, 1, 0.000000000895878426998564236782840453088283538818359375, 0, 0.1521741449832916259765625, -0.00000000090792096063552207851898856461048126220703125, 0.988353788852691650390625, 0, 0, -0.000000152587887214394868351519107818603515625, 0, 1, },
			{ 0.989237964153289794921875, -0.000000000011864730552202384927795719704590737819671630859375, -0.146315753459930419921875, 0, 0.000000000139432909662673409911803901195526123046875, 1, 0.000000000861614335434524036827497184276580810546875, 0, 0.146315753459930419921875, -0.000000000872742600410703062152606435120105743408203125, 0.989237964153289794921875, 0, 0, -0.000000152587887214394868351519107818603515625, 0, 1, },
			{ 0.990229308605194091796875, -0.000000000014189982522339050774462521076202392578125, -0.13944976031780242919921875, 0, 0.000000000130008448451235381071455776691436767578125, 1, 0.000000000821433643327651452636928297579288482666015625, 0, 0.13944976031780242919921875, -0.00000000083153695040749653344391845166683197021484375, 0.990229308605194091796875, 0, 0, -0.000000152587887214394868351519107818603515625, 0, 1, },
			{ 0.991281032562255859375, -0.000000000016450396600475869490765035152435302734375, -0.1317653357982635498046875, 0, 0.00000000011980194614125139196403324604034423828125, 1, 0.000000000776433584093183526420034468173980712890625, 0, 0.1317653357982635498046875, -0.00000000078544937220925703513785265386104583740234375, 0.991281032562255859375, 0, 0, -0.000000152587887214394868351519107818603515625, 0, 1, },
			{ 0.99235057830810546875, -0.000000000018491430608946757274679839611053466796875, -0.12345243990421295166015625, 0, 0.000000000109164677297712842118926346302032470703125, 1, 0.000000000727718052484505051324958913028240203857421875, 0, 0.12345243990421295166015625, -0.00000000073562789193459821035503409802913665771484375, 0.99235057830810546875, 0, 0, -0.000000152587887214394868351519107818603515625, 0, 1, },
			{ 0.99339997768402099609375, -0.00000000002018740730136414640583097934722900390625, -0.114701993763446807861328125, 0, 0.000000000098420827043810277245938777923583984375, 1, 0.000000000676398881349626890369108878076076507568359375, 0, 0.114701993763446807861328125, -0.000000000683223422281997727623092941939830780029296875, 0.99339997768402099609375, 0, 0, -0.000000152587887214394868351519107818603515625, 0, 1, },
			{ 0.99439752101898193359375, -0.000000000021447732478918624110519886016845703125, -0.10570575296878814697265625, 0, 0.000000000087857277009106837795116007328033447265625, 1, 0.000000000623596119186942132728290744125843048095703125, 0, 0.10570575296878814697265625, -0.000000000629389262929436199556221254169940948486328125, 0.99439752101898193359375, 0, 0, -0.000000152587887214394868351519107818603515625, 0, 1, },
			{ 0.99531781673431396484375, -0.000000000022223556328526683500967919826507568359375, -0.096656419336795806884765625, 0, 0.000000000077724049418748109019361436367034912109375, 1, 0.000000000570438751790192100088461302220821380615234375, 0, 0.096656419336795806884765625, -0.00000000057528015684482625147211365401744842529296875, 0.99531781673431396484375, 0, 0, -0.000000152587887214394868351519107818603515625, 0, 1, },
			{ 0.996142804622650146484375, -0.00000000002250732759889739753589310566894710063934326171875, -0.08774745464324951171875, 0, 0.000000000068228533933734070160426199436187744140625, 1, 0.000000000518063980603500340293976478278636932373046875, 0, 0.08774745464324951171875, -0.000000000522052345797163752649794332683086395263671875, 0.996142804622650146484375, 0, 0, -0.000000152587887214394868351519107818603515625, 0, 1, },
			{ 0.996860980987548828125, -0.000000000022330137738890698528848588466644287109375, -0.07917283475399017333984375, 0, 0.000000000059539484453807745012454688549041748046875, 1, 0.0000000004676155018756844583549536764621734619140625, 0, 0.07917283475399017333984375, -0.000000000470861405421629797274363227188587188720703125, 0.996860980987548828125, 0, 0, -0.000000152587887214394868351519107818603515625, 0, 1, },
			{ 0.99747002124786376953125, -0.000000000021760371282653068192303180694580078125, -0.071088902652263641357421875, 0, 0.0000000000517501562435906947712282999418675899505615234375, 1, 0.000000000420018964053525678536971099674701690673828125, 0, 0.071088902652263641357421875, -0.00000000042263492705529870363534428179264068603515625, 0.99747002124786376953125, 0, 0, -0.000000152587887214394868351519107818603515625, 0, 1, },
			{ 0.997981965541839599609375, -0.0000000000208704165061135427094995975494384765625, -0.06349904835224151611328125, 0, 0.000000000044791281794687165529467165470123291015625, 1, 0.0000000003753002630890733826163341291248798370361328125, 0, 0.06349904835224151611328125, -0.000000000377386955019431979962973855435848236083984375, 0.997981965541839599609375, 0, 0, -0.000000152587887214394868351519107818603515625, 0, 1, },
			{ 0.99841010570526123046875, -0.000000000019721113631021580658853054046630859375, -0.0563681423664093017578125, 0, 0.0000000000385669239599817359476219280622899532318115234375, 1, 0.00000000033325842085929480163031257688999176025390625, 0, 0.0563681423664093017578125, -0.000000000334902383603008502177544869482517242431640625, 0.99841010570526123046875, 0, 0, -0.000000152587887214394868351519107818603515625, 0, 1, },
			{ 0.998766243457794189453125, -0.00000000001836353118178646326441594283096492290496826171875, -0.0496609546244144439697265625, 0, 0.0000000000329887228645020513795316219329833984375, 1, 0.000000000293690793906620228881365619599819183349609375, 0, 0.0496609546244144439697265625, -0.0000000002949664956730657650041393935680389404296875, 0.998766243457794189453125, 0, 0, -0.000000152587887214394868351519107818603515625, 0, 1, },
			{ 0.9990603923797607421875, -0.0000000000168398628375143744051456451416015625, -0.0433419756591320037841796875, 0, 0.00000000002797850666425016896710076252929866313934326171875, 1, 0.00000000025639168566016223849146626889705657958984375, 0, 0.0433419756591320037841796875, -0.0000000002573633250957385598667315207421779632568359375, 0.9990603923797607421875, 0, 0, -0.000000152587887214394868351519107818603515625, 0, 1, },
			{ 0.999301373958587646484375, -0.00000000001518341008477364084683358669281005859375, -0.03737552464008331298828125, 0, 0.000000000023465229759267458575777709484100341796875, 1, 0.00000000022115446973725028101398493163287639617919921875, 0, 0.03737552464008331298828125, -0.000000000221876905737161678189295344054698944091796875, 0.999301373958587646484375, 0, 0, -0.000000152587887214394868351519107818603515625, 0, 1, },
			{ 0.9994966983795166015625, -0.000000000013419931832459042198024690151214599609375, -0.031725704669952392578125, 0, 0.000000000019386714456004483508877456188201904296875, 1, 0.00000000018777035482031578794703818857669830322265625, 0, 0.031725704669952392578125, -0.00000000018829082737426006133318878710269927978515625, 0.9994966983795166015625, 0, 0, -0.000000152587887214394868351519107818603515625, 0, 1, },
			{ 0.999652683734893798828125, -0.000000000011568967138442243225426864228211343288421630859375, -0.02635663561522960662841796875, 0, 0.00000000001568611907032391172833740711212158203125, 1, 0.000000000156029800191248568808077834546566009521484375, 0, 0.02635663561522960662841796875, -0.00000000015638901285086603820673190057277679443359375, 0.999652683734893798828125, 0, 0, -0.000000152587887214394868351519107818603515625, 0, 1, },
			{ 0.99977457523345947265625, -0.00000000000964206492426455952227115631103515625, -0.02123235166072845458984375, 0, 0.000000000012314149699932386283762753009796142578125, 1, 0.000000000125722487975821195504977367818355560302734375, 0, 0.02123235166072845458984375, -0.000000000125955523788690015862812288105487823486328125, 0.99977457523345947265625, 0, 0, -0.000000152587887214394868351519107818603515625, 0, 1, },
			{ 0.999866962432861328125, -0.000000000007647660282827928313054144382476806640625, -0.01631660759449005126953125, 0, 0.000000000009225953334635050850920379161834716796875, 1, 0.00000000009663569944251548804459162056446075439453125, 0, 0.01631660759449005126953125, -0.000000000096773360158675103548375773243606090545654296875, 0.999866962432861328125, 0, 0, -0.000000152587887214394868351519107818603515625, 0, 1, },
			{ 0.999932944774627685546875, -0.000000000005595079954900938901118934154510498046875, -0.0115897953510284423828125, 0, 0.0000000000063904432960615320524766502785496413707733154296875, 1, 0.000000000068655248153248749076738022267818450927734375, 0, 0.0115897953510284423828125, -0.000000000068724637092287821360514499247074127197265625, 0.999932944774627685546875, 0, 0, -0.000000152587887214394868351519107818603515625, 0, 1, },
			{ 0.999974906444549560546875, -0.000000000003521183344901146483607590198516845703125, -0.0070975124835968017578125, 0, 0.000000000003819167204710538499057292938232421875, 1, 0.000000000042052139548331979312933981418609619140625, 0, 0.0070975124835968017578125, -0.0000000000420782263199637185380197479389607906341552734375, 0.999974906444549560546875, 0, 0, -0.000000152587887214394868351519107818603515625, 0, 1, },
			{ 0.999995887279510498046875, -0.000000000001476152425121390887596817265148274600505828857421875, -0.0029017925262451171875, 0, 0.0000000000015258905250448151491582393646240234375, 1, 0.000000000017195966872662893365486524999141693115234375, 0, 0.0029017925262451171875, -0.00000000001720035225361016273382119834423065185546875, 0.999995887279510498046875, 0, 0, -0.000000152587887214394868351519107818603515625, 0, 1, },
			{ 0.999999582767486572265625, 0.0000000000004853894521560098151979900649166665971279144287109375, 0.0009353756322525441646575927734375, 0, -0.00000000000048050452505776775069534778594970703125, 1, -0.0000000000055440096957681817002594470977783203125, 0, -0.0009353756322525441646575927734375, 0.0000000000055435651728774626434415040421299636363983154296875, 0.999999582767486572265625, 0, 0, -0.000000152587887214394868351519107818603515625, 0, 1, },
			{ 0.99999058246612548828125, 0.000000000002305711177541525103151798248291015625, 0.00435201823711395263671875, 0, -0.0000000000021938006966593093238770961761474609375, 1, -0.00000000002579841722194498032649789820425212383270263671875, 0, -0.00435201823711395263671875, 0.000000000025788537971749292410095222294330596923828125, 0.99999058246612548828125, 0, 0, -0.000000152587887214394868351519107818603515625, 0, 1, },
