function data()
return { 
		times = { 0, 41.667000000000001591615728102624416351318359375, 83.332999999999998408384271897375583648681640625, 125, 166.667000000000001591615728102624416351318359375, 208.332999999999998408384271897375583648681640625, 250, 291.66699999999997316990629769861698150634765625, 333.33300000000002683009370230138301849365234375, 375, 416.66699999999997316990629769861698150634765625, 458.33300000000002683009370230138301849365234375, 500, 541.6670000000000300133251585066318511962890625, 583.3329999999999699866748414933681488037109375, 625, 666.6670000000000300133251585066318511962890625, 708.3329999999999699866748414933681488037109375, 750, 791.6670000000000300133251585066318511962890625, 833.3329999999999699866748414933681488037109375, 875, 916.6670000000000300133251585066318511962890625, 958.3329999999999699866748414933681488037109375, 1000, 1041.66699999999991632648743689060211181640625, 1083.33300000000008367351256310939788818359375, 1125, 1166.66699999999991632648743689060211181640625, 1208.33300000000008367351256310939788818359375, 1250, 1291.66699999999991632648743689060211181640625, 1333.33300000000008367351256310939788818359375, 1375, 1416.66699999999991632648743689060211181640625, 1458.33300000000008367351256310939788818359375, 1500, 1541.66699999999991632648743689060211181640625, 1583.33300000000008367351256310939788818359375, 1625, 1666.66699999999991632648743689060211181640625, 1708.33300000000008367351256310939788818359375, 1750, 1791.66699999999991632648743689060211181640625, 1833.33300000000008367351256310939788818359375, 1875, 1916.66699999999991632648743689060211181640625, 1958.33300000000008367351256310939788818359375, 2000, 2041.66699999999991632648743689060211181640625, 2083.33300000000008367351256310939788818359375, 2125, 2166.66699999999991632648743689060211181640625, 2208.33300000000008367351256310939788818359375, 2250, 2291.66699999999991632648743689060211181640625, 2333.33300000000008367351256310939788818359375, 2375, 2416.66699999999991632648743689060211181640625, 2458.33300000000008367351256310939788818359375, 2500, 2541.66699999999991632648743689060211181640625, 2583.33300000000008367351256310939788818359375, 2625, 2666.66699999999991632648743689060211181640625, 2708.33300000000008367351256310939788818359375, 2750, 2791.66699999999991632648743689060211181640625, 2833.33300000000008367351256310939788818359375, 2875, 2916.66699999999991632648743689060211181640625, 2958.33300000000008367351256310939788818359375, 3000, 3041.66699999999991632648743689060211181640625, 3083.33300000000008367351256310939788818359375, 3125, 3166.66699999999991632648743689060211181640625, 3208.33300000000008367351256310939788818359375, 3250, 3291.66699999999991632648743689060211181640625, 3333.33300000000008367351256310939788818359375, 3375, 3416.66699999999991632648743689060211181640625, 3458.33300000000008367351256310939788818359375, 3500, 3541.66699999999991632648743689060211181640625, 3583.33300000000008367351256310939788818359375, 3625, 3666.66699999999991632648743689060211181640625, 3708.33300000000008367351256310939788818359375, 3750, 3791.66699999999991632648743689060211181640625, 3833.33300000000008367351256310939788818359375, 3875, 3916.66699999999991632648743689060211181640625, 3958.33300000000008367351256310939788818359375, 4000, 4041.66699999999991632648743689060211181640625, 4083.33300000000008367351256310939788818359375, 4125, 4166.6670000000003710738383233547210693359375, },
		transfs = {
			{ 1, 0, -0.0000000000000000001410445178756744911419942958147322187301142549, 0, 0, 1, 0, 0, -0.0000000000000000001410445178756744911419942958147322187301142549, 0.000000000000000006938893903907228377647697925567626953125, 1, 0, 0, 0, 0, 1, },
			{ 0.9999973773956298828125, 0.0000000000001583177897590201665956044507765909656882286071777344, 0.0023037530481815338134765625, 0, -0.0000000000001474376176702207885682582855224609375, 1, -0.000000000004904153472207184449871419928967952728271484375, 0, -0.0023037530481815338134765625, 0.0000000000049038269105128318159358968841843307018280029296875, 0.9999973773956298828125, 0, -0.001809234614484012126922607421875, 0, 0.0001127624491346068680286407470703125, 1, },
			{ 0.999977648258209228515625, 0.0000000000004900524430695440969429910182952880859375, 0.0066803353838622570037841796875, 0, -0.0000000000003952393696615014162532020236540120095014572143554688, 1, -0.000000000014221921383616997758281286223791539669036865234375, 0, -0.0066803353838622570037841796875, 0.000000000014218972353707837186220785952173173427581787109375, 0.999977648258209228515625, 0, -0.005565337836742401123046875, 0, 0.00034679411328397691249847412109375, 1, },
			{ 0.9999492168426513671875, 0.0000000000007758237953979507661728121092892251908779144287109375, 0.0100767351686954498291015625, 0, -0.0000000000005597744490160039276815950870513916015625, 1, -0.00000000002145371900963422007180270156823098659515380859375, 0, -0.0100767351686954498291015625, 0.00000000002144700909922914178196151624433696269989013671875, 0.9999492168426513671875, 0, -0.00923294015228748321533203125, 0, 0.0005753326113335788249969482421875, 1, },
			{ 0.999922573566436767578125, 0.00000000000098854258112623938359320163726806640625, 0.0124356113374233245849609375, 0, -0.000000000000659472476627342985011637210845947265625, 1, -0.000000000026476813796971754300102475099265575408935546875, 0, -0.0124356113374233245849609375, 0.00000000002646659280625129895270220004022121429443359375, 0.999922573566436767578125, 0, -0.01266662590205669403076171875, 0, 0.0007892989669926464557647705078125, 1, },
			{ 0.999895572662353515625, 0.0000000000011795009413617663085460662841796875, 0.014448533765971660614013671875, 0, -0.0000000000007351896869067786610685288906097412109375, 1, -0.000000000030763551428503177476159180514514446258544921875, 0, -0.014448533765971660614013671875, 0.000000000030749715274058786462774151004850864410400390625, 0.999895572662353515625, 0, -0.016193084418773651123046875, 0, 0.001009025494568049907684326171875, 1, },
			{ 0.999861299991607666015625, 0.00000000000139888101102769724093377590179443359375, 0.01665572263300418853759765625, 0, -0.0000000000008084644065320389927364885807037353515625, 1, -0.00000000003546425653144780198999796994030475616455078125, 0, -0.01665572263300418853759765625, 0.000000000035445903157071967370939091779291629791259765625, 0.999861299991607666015625, 0, -0.0200730897486209869384765625, 0, 0.001250801025889813899993896484375, 1, },
			{ 0.999819576740264892578125, 0.00000000000164224189802553155459463596343994140625, 0.0189922340214252471923828125, 0, -0.0000000000008744115999846646669624306014156900346279144287109375, 1, -0.0000000000404407583809440751565489335916936397552490234375, 0, -0.0189922340214252471923828125, 0.0000000000404168642997859706156305037438869476318359375, 0.999819576740264892578125, 0, -0.02430114708840847015380859375, 0, 0.001514244009740650653839111328125, 1, },
			{ 0.99977433681488037109375, 0.000000000001887823231072616181336343288421630859375, 0.0212418921291828155517578125, 0, -0.0000000000009274803147718557738699018955230712890625, 1, -0.00000000004523258156918785743982880376279354095458984375, 0, -0.0212418921291828155517578125, 0.000000000045202709630931536821663030423223972320556640625, 0.99977433681488037109375, 0, -0.02880615182220935821533203125, 0, 0.00179496756754815578460693359375, 1, },
			{ 0.999731123447418212890625, 0.0000000000021087576129730223328806459903717041015625, 0.02318855188786983489990234375, 0, -0.000000000000964117674584485939703881740570068359375, 1, -0.000000000049379354771783567912279977463185787200927734375, 0, -0.02318855188786983489990234375, 0.0000000000493437270210339562481749453581869602203369140625, 0.999731123447418212890625, 0, -0.033516235649585723876953125, 0, 0.00208847038447856903076171875, 1, },
			{ 0.999696910381317138671875, 0.00000000000227617902824606144207564284442923963069915771484375, 0.02461612410843372344970703125, 0, -0.0000000000009861000904720640392042696475982666015625, 1, -0.0000000000524204811502837486614225781522691249847412109375, 0, -0.02461612410843372344970703125, 0.0000000000523803327101557414380295085720717906951904296875, 0.999696910381317138671875, 0, -0.038359679281711578369140625, 0, 0.0023902510292828083038330078125, 1, },
			{ 0.99967205524444580078125, 0.00000000000239452901951153762638568878173828125, 0.0256061851978302001953125, 0, -0.000000000000998756632952790823765099048614501953125, 1, -0.00000000005452964468855014956716331653296947479248046875, 0, -0.0256061851978302001953125, 0.00000000005448620721271169031751924194395542144775390625, 0.99967205524444580078125, 0, -0.043274991214275360107421875, 0, 0.0026965332217514514923095703125, 1, },
			{ 0.999651491641998291015625, 0.00000000000249111820581349174830165793537162244319915771484375, 0.0263989269733428955078125, 0, -0.0000000000010074163725448670447804033756256103515625, 1, -0.0000000000562185541175264091862118220888078212738037109375, 0, -0.0263989269733428955078125, 0.0000000000561723723091489546277443878352642059326171875, 0.999651491641998291015625, 0, -0.04823882877826690673828125, 0, 0.0030058287084102630615234375, 1, },
			{ 0.9996349811553955078125, 0.0000000000025670576775382869527675211429595947265625, 0.02701631374657154083251953125, 0, -0.00000000000101341157687784289009869098663330078125, 1, -0.00000000005753386655982239972217939794063568115234375, 0, -0.02701631374657154083251953125, 0.000000000057485516347099974154843948781490325927734375, 0.9996349811553955078125, 0, -0.0532377623021602630615234375, 0, 0.0033173370175063610076904296875, 1, },
			{ 0.999622404575347900390625, 0.00000000000262456723021387006156146526336669921875, 0.02748024463653564453125, 0, -0.00000000000101696429055664339102804660797119140625, 1, -0.00000000005852228424085836877566180191934108734130859375, 0, -0.02748024463653564453125, 0.0000000000584722548158111976590589620172977447509765625, 0.999622404575347900390625, 0, -0.058258362114429473876953125, 0, 0.0036301803775131702423095703125, 1, },
			{ 0.999613106250762939453125, 0.00000000000266631139909934145038050701259635388851165771484375, 0.0278126709163188934326171875, 0, -0.0000000000010194067812108187354169785976409912109375, 1, -0.00000000005923052326384237176171154715120792388916015625, 0, -0.0278126709163188934326171875, 0.00000000005917925871568030515845748595893383026123046875, 0.999613106250762939453125, 0, -0.063287355005741119384765625, 0, 0.003943557851016521453857421875, 1, },
			{ 0.9996068477630615234375, 0.000000000002694289236160329892300069332122802734375, 0.02803552150726318359375, 0, -0.0000000000010211831380502189858816564083099365234375, 1, -0.000000000059705296262535512141766957938671112060546875, 0, -0.02803552150726318359375, 0.00000000005965324068046840011447784490883350372314453125, 0.9996068477630615234375, 0, -0.068311311304569244384765625, 0, 0.0042565916664898395538330078125, 1, },
			{ 0.9996039867401123046875, 0.0000000000027073898678509067394770681858062744140625, 0.02813780121505260467529296875, 0, -0.000000000001021849271864994079805910587310791015625, 1, -0.000000000059923233042269430370652116835117340087890625, 0, -0.02813780121505260467529296875, 0.00000000005987078888214369953857385553419589996337890625, 0.9996039867401123046875, 0, -0.073316343128681182861328125, 0, 0.0045684813521802425384521484375, 1, },
			{ 0.999601185321807861328125, 0.000000000002720046410331633524037897586822509765625, 0.0282400958240032196044921875, 0, -0.000000000001022293252654626893871636639232747256755828857421875, 1, -0.000000000060141162883109444692308898083865642547607421875, 0, -0.0282400958240032196044921875, 0.00000000006008830932824338333375635556876659393310546875, 0.999601185321807861328125, 0, -0.078289337456226348876953125, 0, 0.0048783109523355960845947265625, 1, },
			{ 0.999600708484649658203125, 0.0000000000027220448117759588058106601238250732421875, 0.02825469337403774261474609375, 0, -0.000000000001022293252654626893871636639232747256755828857421875, 1, -0.0000000000601722838222684686115826480090618133544921875, 0, -0.02825469337403774261474609375, 0.0000000000601193816951450799024314619600772857666015625, 0.999600708484649658203125, 0, -0.083216704428195953369140625, 0, 0.0051853558979928493499755859375, 1, },
			{ 0.999600350856781005859375, 0.000000000002723599124010434024967253208160400390625, 0.028269313275814056396484375, 0, -0.0000000000010225154056797691737301647663116455078125, 1, -0.0000000000602034255781092042525415308773517608642578125, 0, -0.028269313275814056396484375, 0.00000000006015048181762239210002007894217967987060546875, 0.999600350856781005859375, 0, -0.088085174560546875, 0, 0.0054887388832867145538330078125, 1, },
			{ 0.999607503414154052734375, 0.0000000000026918467455061545479111373424530029296875, 0.0280149243772029876708984375, 0, -0.000000000001020961093445293954573571681976318359375, 1, -0.00000000005966142857527501064396346919238567352294921875, 0, -0.0280149243772029876708984375, 0.00000000005960944238214693768895813263952732086181640625, 0.999607503414154052734375, 0, -0.09288085997104644775390625, 0, 0.005787543952465057373046875, 1, },
			{ 0.9996278285980224609375, 0.0000000000025999202790671915863640606403350830078125, 0.0272810049355030059814453125, 0, -0.0000000000010154099783221681718714535236358642578125, 1, -0.0000000000580977869979459882188166375271975994110107421875, 0, -0.0272810049355030059814453125, 0.0000000000580484826873117754075792618095874786376953125, 0.9996278285980224609375, 0, -0.097588501870632171630859375, 0, 0.0060808942653238773345947265625, 1, },
			{ 0.999659001827239990234375, 0.0000000000024560353750757712987251579761505126953125, 0.026111505925655364990234375, 0, -0.00000000000100452979268084163777530193328857421875, 1, -0.0000000000556061967305065962818844127468764781951904296875, 0, -0.026111505925655364990234375, 0.0000000000555610245311921602251459262333810329437255859375, 0.999659001827239990234375, 0, -0.1021931469440460205078125, 0, 0.0063677974976599216461181640625, 1, },
			{ 0.999698579311370849609375, 0.0000000000022681856393091948120854794979095458984375, 0.02455033548176288604736328125, 0, -0.0000000000009852119120523639139719307422637939453125, 1, -0.0000000000522803154934248226481940946541726589202880859375, 0, -0.02455033548176288604736328125, 0.0000000000522403890979017404561091098003089427947998046875, 0.999698579311370849609375, 0, -0.10667876899242401123046875, 0, 0.0066473386250436305999755859375, 1, },
			{ 0.9997437000274658203125, 0.000000000002045918989779238472692668437957763671875, 0.0226413495838642120361328125, 0, -0.0000000000009545697565727095934562385082244873046875, 1, -0.0000000000482136726376314328490479965694248676300048828125, 0, -0.0226413495838642120361328125, 0.000000000048179717160312662826981977559626102447509765625, 0.9997437000274658203125, 0, -0.111030422151088714599609375, 0, 0.0069184876047074794769287109375, 1, },
			{ 0.99979126453399658203125, 0.00000000000179767312147305347025394439697265625, 0.020428515970706939697265625, 0, -0.0000000000009094947017729282379150390625, 1, -0.000000000043500036905896877215127460658550262451171875, 0, -0.020428515970706939697265625, 0.00000000004347240623037151863172766752541065216064453125, 0.99979126453399658203125, 0, -0.1152320802211761474609375, 0, 0.0071802898310124874114990234375, 1, },
			{ 0.999838769435882568359375, 0.0000000000015329959524024161510169506072998046875, 0.0179557465016841888427734375, 0, -0.0000000000008466560243690357534518398097134195268154144287109375, 1, -0.0000000000382331007131586630976016749627888202667236328125, 0, -0.0179557465016841888427734375, 0.000000000038211760144957196416726219467818737030029296875, 0.999838769435882568359375, 0, -0.11926864087581634521484375, 0, 0.007431793026626110076904296875, 1, },
			{ 0.999883353710174560546875, 0.0000000000012596590437397026107646524906158447265625, 0.015266961418092250823974609375, 0, -0.0000000000007636113963371826685033738613128662109375, 1, -0.0000000000325065252493317302651121281087398529052734375, 0, -0.015266961418092250823974609375, 0.000000000032491100088183344496428617276251316070556640625, 0.999883353710174560546875, 0, -0.123124845325946807861328125, 0, 0.007672118954360485076904296875, 1, },
			{ 0.999923050403594970703125, 0.0000000000009858780458671390078961849212646484375, 0.012406109832227230072021484375, 0, -0.0000000000006583622536027178284712135791778564453125, 1, -0.000000000026414016807141393883284763433039188385009765625, 0, -0.012406109832227230072021484375, 0.000000000026403830510890458072026376612484455108642578125, 0.999923050403594970703125, 0, -0.12678481638431549072265625, 0, 0.00790016166865825653076171875, 1, },
			{ 0.999955654144287109375, 0.0000000000007183142427223676573788679888821206986904144287109375, 0.0094171501696109771728515625, 0, -0.0000000000005295763827461996697820723056793212890625, 1, -0.000000000020049246984843449581603636033833026885986328125, 0, -0.0094171501696109771728515625, 0.000000000020043376680600744066396146081387996673583984375, 0.999955654144287109375, 0, -0.13023330271244049072265625, 0, 0.00811504386365413665771484375, 1, },
			{ 0.99997985363006591796875, 0.00000000000046274095666376524604856967926025390625, 0.006337456405162811279296875, 0, -0.0000000000003772537837676281924359500408172607421875, 1, -0.000000000013491867345560848434615763835608959197998046875, 0, -0.006337456405162811279296875, 0.000000000013489236637409529606657088152132928371429443359375, 0.99997985363006591796875, 0, -0.13345412909984588623046875, 0, 0.008315734565258026123046875, 1, },
			{ 0.999994933605194091796875, 0.0000000000002213784575577290580916667295241495594382286071777344, 0.0031778551638126373291015625, 0, -0.0000000000002000621890374532085843384265899658203125, 1, -0.000000000006765026039357024956188979558646678924560546875, 0, -0.0031778551638126373291015625, 0.00000000000676438072222396158394985832273960113525390625, 0.999994933605194091796875, 0, -0.1364265382289886474609375, 0, 0.008500938303768634796142578125, 1, },
			{ 1, -0.0000000000000037747582837255322374403476715087890625, -0.0000574551522731781005859375, 0, 0.000000000000003552713678800500929355621337890625, 1, 0.0000000000001223118692916455585439905462408205494284629821777344, 0, 0.0000574551522731781005859375, -0.000000000000122298005056364900156040675938129425048828125, 1, 0, -0.1389837563037872314453125, 0, 0.008660278283059597015380859375, 1, },
			{ 0.9999942779541015625, -0.0000000000002107203300738547113724052906036376953125, -0.003364197909832000732421875, 0, 0.000000000000234923192010683123953640460968017578125, 1, 0.0000000000071610144029843336710428047808818519115447998046875, 0, 0.003364197909832000732421875, -0.0000000000071617360479503400227940801414661109447479248046875, 0.9999942779541015625, 0, -0.14154113829135894775390625, 0, 0.00881965644657611846923828125, 1, },
			{ 0.99997723102569580078125, -0.0000000000003981259766305811353959143161773681640625, -0.00673814117908477783203125, 0, 0.00000000000049471537977296975441277027130126953125, 1, 0.00000000001434201368777365814821678213775157928466796875, 0, 0.00673814117908477783203125, -0.0000000000143449974121523382564191706478595733642578125, 0.99997723102569580078125, 0, -0.14347350597381591796875, 0, 0.008940047584474086761474609375, 1, },
			{ 0.999948203563690185546875, -0.00000000000056399329650957952253520488739013671875, -0.0101750902831554412841796875, 0, 0.00000000000078426154459521058015525341033935546875, 1, 0.0000000000216563156296700753955519758164882659912109375, 0, 0.0101750902831554412841796875, -0.00000000002166315564433585194592524203471839427947998046875, 0.999948203563690185546875, 0, -0.14540587365627288818359375, 0, 0.009060439653694629669189453125, 1, },
			{ 0.999906480312347412109375, -0.0000000000007067679774763746536336839199066162109375, -0.0136707760393619537353515625, 0, 0.000000000001104449864897105726413428783416748046875, 1, 0.00000000002909483591551076386849672417156398296356201171875, 0, 0.0136707760393619537353515625, -0.0000000000291071888813831947118160314857959747314453125, 0.999906480312347412109375, 0, -0.1464326381683349609375, 0, 0.009124450385570526123046875, 1, },
			{ 0.999851703643798828125, -0.0000000000008253397422962327478757060816860757768154144287109375, -0.01722094230353832244873046875, 0, 0.00000000000145661260830820538103580474853515625, 1, 0.000000000036648441226194705677698948420584201812744140625, 0, 0.01722094230353832244873046875, -0.00000000003666807135704885922677931375801563262939453125, 0.999851703643798828125, 0, -0.147459566593170166015625, 0, 0.00918842293322086334228515625, 1, },
			{ 0.99978315830230712890625, -0.0000000000009181544413650044589303433895111083984375, -0.0208213627338409423828125, 0, 0.0000000000018409718194334345753304660320281982421875, 1, 0.00000000004430812661215810521753155626356601715087890625, 0, 0.0208213627338409423828125, -0.000000000044336832816238569421329884789884090423583984375, 0.99978315830230712890625, 0, -0.1484861671924591064453125, 0, 0.0092523954808712005615234375, 1, },
			{ 0.9997005462646484375, -0.0000000000009838796444228137261234223842620849609375, -0.0244677774608135223388671875, 0, 0.0000000000022584156766924934345297515392303466796875, 1, 0.0000000000520647969182164160883985459804534912109375, 0, 0.0244677774608135223388671875, -0.0000000000521044353496424861305058584548532962799072265625, 0.9997005462646484375, 0, -0.1479965150356292724609375, 0, 0.0092218779027462005615234375, 1, },
			{ 0.99960362911224365234375, -0.0000000000010216272272600690484978258609771728515625, -0.0281541980803012847900390625, 0, 0.00000000000270916600784987249284085919498465955257415771484375, 1, 0.0000000000599056637629047372683999128639698028564453125, 0, 0.0281541980803012847900390625, -0.00000000005995814955639389154384844005107879638671875, 0.99960362911224365234375, 0, -0.1475068628787994384765625, 0, 0.0091913603246212005615234375, 1, },
			{ 0.999492108821868896484375, -0.00000000000103028696685214526951313018798828125, -0.031867839395999908447265625, 0, 0.000000000003192557329612100147642195224761962890625, 1, 0.0000000000678035128043319446078385226428508758544921875, 0, 0.031867839395999908447265625, -0.000000000067870785380730325186959817074239253997802734375, 0.999492108821868896484375, 0, -0.147017061710357666015625, 0, 0.0091608427464962005615234375, 1, },
			{ 0.999366283416748046875, -0.000000000001009636710173900109310807238216511905193328857421875, -0.0355941541492938995361328125, 0, 0.0000000000037072567238283227197825908660888671875, 1, 0.00000000007572738269789880405369331128895282745361328125, 0, 0.0355941541492938995361328125, -0.0000000000758113294363482737026060931384563446044921875, 0.999366283416748046875, 0, -0.14652724564075469970703125, 0, 0.0091303251683712005615234375, 1, },
			{ 0.99922668933868408203125, -0.0000000000009590106486712102196179330348968505859375, -0.039318628609180450439453125, 0, 0.000000000004251266005894649424590170383453369140625, 1, 0.00000000008364643699909635188305401243269443511962890625, 0, 0.039318628609180450439453125, -0.0000000000837488689509058303883648477494716644287109375, 0.99922668933868408203125, 0, -0.14603759348392486572265625, 0, 0.0090998075902462005615234375, 1, },
			{ 0.99907386302947998046875, -0.0000000000008795186801080490113236010074615478515625, -0.04302676022052764892578125, 0, 0.0000000000048221426851569049176760017871856689453125, 1, 0.00000000009152982538562781655855360440909862518310546875, 0, 0.04302676022052764892578125, -0.000000000091652498090954992449042038060724735260009765625, 0.99907386302947998046875, 0, -0.14554779231548309326171875, 0, 0.0090692900121212005615234375, 1, },
			{ 0.9989087581634521484375, -0.0000000000007716050021144837955944240093231201171875, -0.0467040352523326873779296875, 0, 0.000000000005417444270960913854651153087615966796875, 1, 0.000000000099346690596302522635596687905490398406982421875, 0, 0.0467040352523326873779296875, -0.000000000099491269389684333646073355339467525482177734375, 0.9989087581634521484375, 0, -0.14505814015865325927734375, 0, 0.0090387724339962005615234375, 1, },
			{ 0.998732268810272216796875, -0.0000000000006366018823200647602789103984832763671875, -0.0503359697759151458740234375, 0, 0.00000000000603339600502295070327818393707275390625, 1, 0.000000000107066307208913968906927038915455341339111328125, 0, 0.0503359697759151458740234375, -0.00000000010723426313585804336980800144374370574951171875, 0.998732268810272216796875, 0, -0.14456832408905029296875, 0, 0.0090082548558712005615234375, 1, },
			{ 0.9985458850860595703125, -0.0000000000004767297667740422184579074382781982421875, -0.05390809476375579833984375, 0, 0.0000000000066671108737981210623502192902378737926483154296875, 1, 0.000000000114657956740149558072516811080276966094970703125, 0, 0.05390809476375579833984375, -0.000000000114850608190497638361193821765482425689697265625, 0.9985458850860595703125, 0, -0.1429392993450164794921875, 0, 0.00890678353607654571533203125, 1, },
			{ 0.998350799083709716796875, -0.0000000000002930988785010413266718387603759765625, -0.057405926287174224853515625, 0, 0.0000000000073139272416256062570028007030487060546875, 1, 0.00000000012209087907333326938896789215505123138427734375, 0, 0.057405926287174224853515625, -0.00000000012230938484236730801058001816272735595703125, 0.998350799083709716796875, 0, -0.14131011068820953369140625, 0, 0.008805236779153347015380859375, 1, },
			{ 0.998148977756500244140625, -0.000000000000089261931179862585850059986114501953125, -0.060815043747425079345703125, 0, 0.00000000000796962495996922370977699756622314453125, 1, 0.00000000012933450144192448760804836638271808624267578125, 0, 0.060815043747425079345703125, -0.000000000129579735830276376873371191322803497314453125, 0.998148977756500244140625, 0, -0.139071047306060791015625, 0, 0.008665733039379119873046875, 1, },
			{ 0.9979422092437744140625, 0.000000000000131894495325468597002327442169189453125, -0.064119540154933929443359375, 0, 0.0000000000086288753919916416634805500507354736328125, 1, 0.00000000013635508000486851187815773300826549530029296875, 0, 0.064119540154933929443359375, -0.0000000001366277369019286425100290216505527496337890625, 0.9979422092437744140625, 0, -0.13683211803436279296875, 0, 0.008526229299604892730712890625, 1, },
			{ 0.9977328777313232421875, 0.00000000000036681768733615172095596790313720703125, -0.06729774177074432373046875, 0, 0.0000000000092850171995451091788709163665771484375, 1, 0.00000000014310667928452147634743596427142620086669921875, 0, 0.06729774177074432373046875, -0.0000000001434070362460460046349908225238323211669921875, 0.9977328777313232421875, 0, -0.13412429392337799072265625, 0, 0.008357505314052104949951171875, 1, },
			{ 0.997523963451385498046875, 0.0000000000006108447081487611285410821437835693359375, -0.07032652199268341064453125, 0, 0.000000000009930278821457250160165131092071533203125, 1, 0.000000000149540213545407141282339580357074737548828125, 0, 0.07032652199268341064453125, -0.000000000149868284449183875040034763514995574951171875, 0.997523963451385498046875, 0, -0.1311265528202056884765625, 0, 0.00817069970071315765380859375, 1, },
			{ 0.9973185062408447265625, 0.00000000000085886853185002109967172145843505859375, -0.07318280637264251708984375, 0, 0.0000000000105566666519507634802721440792083740234375, 1, 0.00000000015560679134107857635171967558562755584716796875, 0, 0.07318280637264251708984375, -0.00000000015596206270895862644465523771941661834716796875, 0.9973185062408447265625, 0, -0.12785796821117401123046875, 0, 0.007967033423483371734619140625, 1, },
			{ 0.9971196651458740234375, 0.00000000000110578213252665591426193714141845703125, -0.075843520462512969970703125, 0, 0.0000000000111561870852483480121009051799774169921875, 1, 0.00000000016125743795836200433768681250512599945068359375, 0, 0.075843520462512969970703125, -0.00000000016163907712307690189845743589103221893310546875, 0.9971196651458740234375, 0, -0.12433685362339019775390625, 0, 0.007747611962258815765380859375, 1, },
			{ 0.996930897235870361328125, 0.000000000001346034395055539789609611034393310546875, -0.07828558981418609619140625, 0, 0.000000000011719958337153002503328025341033935546875, 1, 0.00000000016644340072868857305365963838994503021240234375, 0, 0.07828558981418609619140625, -0.000000000166850033789245344451046548783779144287109375, 0.996930897235870361328125, 0, -0.120582424104213714599609375, 0, 0.007513656280934810638427734375, 1, },
			{ 0.99675571918487548828125, 0.0000000000015731860258938468177802860736846923828125, -0.08048601448535919189453125, 0, 0.0000000000122388765788628006703220307826995849609375, 1, 0.00000000017111582983897477561185951344668865203857421875, 0, 0.08048601448535919189453125, -0.0000000001715456943163218284098547883331775665283203125, 0.99675571918487548828125, 0, -0.116613157093524932861328125, 0, 0.0072663496248424053192138671875, 1, },
			{ 0.996597588062286376953125, 0.0000000000017816859099184512160718441009521484375, -0.08242173492908477783203125, 0, 0.0000000000127038379815758162294514477252960205078125, 1, 0.00000000017522590323171272075342130847275257110595703125, 0, 0.08242173492908477783203125, -0.000000000175676750924225189010030589997768402099609375, 0.996597588062286376953125, 0, -0.112447656691074371337890625, 0, 0.0070067974738776683807373046875, 1, },
			{ 0.99645984172821044921875, 0.00000000000196553884279637713916599750518798828125, -0.084069751203060150146484375, 0, 0.0000000000131061828056999729597009718418121337890625, 1, 0.00000000017872490987169697973513393662869930267333984375, 0, 0.084069751203060150146484375, -0.00000000017919400685517672400237643159925937652587890625, 0.99645984172821044921875, 0, -0.1081048548221588134765625, 0, 0.0067361830733716487884521484375, 1, },
			{ 0.99634611606597900390625, 0.0000000000021189716647995737730525434017181396484375, -0.08540703356266021728515625, 0, 0.000000000013436807222433344577439129352569580078125, 1, 0.00000000018156408321257089255595928989350795745849609375, 0, 0.08540703356266021728515625, -0.000000000182048209840246499879867769777774810791015625, 0.99634611606597900390625, 0, -0.1036035120487213134765625, 0, 0.0064556882716715335845947265625, 1, },
			{ 0.9962546825408935546875, 0.0000000000022435386881625163368880748748779296875, -0.086467720568180084228515625, 0, 0.000000000013701927613352093970888745388947427272796630859375, 1, 0.00000000018381589306226686630907352082431316375732421875, 0, 0.086467720568180084228515625, -0.00000000018431216275427431128264288417994976043701171875, 0.9962546825408935546875, 0, -0.098962701857089996337890625, 0, 0.00616653449833393096923828125, 1, },
			{ 0.99618053436279296875, 0.0000000000023450130726132556446827948093414306640625, -0.087316982448101043701171875, 0, 0.000000000013915535390651712077669799327850341796875, 1, 0.00000000018561883974310688927289447747170925140380859375, 0, 0.087316982448101043701171875, -0.0000000001861248932755188434384763240814208984375, 0.99618053436279296875, 0, -0.09420211613178253173828125, 0, 0.005869903601706027984619140625, 1, },
			{ 0.996122419834136962890625, 0.0000000000024249491303862669155932962894439697265625, -0.08797834813594818115234375, 0, 0.000000000014083622289218222789486389956437051296234130859375, 1, 0.0000000001870228139022600544194574467837810516357421875, 0, 0.08797834813594818115234375, -0.000000000187536597362480961237451992928981781005859375, 0.996122419834136962890625, 0, -0.0893428027629852294921875, 0, 0.0055670929141342639923095703125, 1, },
			{ 0.9960782527923583984375, 0.0000000000024857893521357254940085113048553466796875, -0.088475309312343597412109375, 0, 0.000000000014210187714025490635094683966599404811859130859375, 1, 0.0000000001880778033314101094219950027763843536376953125, 0, 0.088475309312343597412109375, -0.00000000018859742934029810612628352828323841094970703125, 0.9960782527923583984375, 0, -0.084404908120632171630859375, 0, 0.005259399302303791046142578125, 1, },
			{ 0.996046602725982666015625, 0.000000000002529532139305956661701202392578125, -0.08883140981197357177734375, 0, 0.0000000000143012268694064914598129689693450927734375, 1, 0.00000000018883371255551395506699918769299983978271484375, 0, 0.08883140981197357177734375, -0.00000000018935752965631991173722781240940093994140625, 0.996046602725982666015625, 0, -0.07940886914730072021484375, 0, 0.0049481200985610485076904296875, 1, },
			{ 0.996025264263153076171875, 0.00000000000255928589952547635988366891979239881038665771484375, -0.0890700817108154296875, 0, 0.000000000014362289135760875069536268711090087890625, 1, 0.000000000189340376710589453068678267300128936767578125, 0, 0.0890700817108154296875, -0.00000000018986702488010820388808497227728366851806640625, 0.996025264263153076171875, 0, -0.0743753015995025634765625, 0, 0.0046344376169145107269287109375, 1, },
			{ 0.99601233005523681640625, 0.0000000000025772717293648383929394185543060302734375, -0.089214861392974853515625, 0, 0.0000000000143993705847833552979864180088043212890625, 1, 0.00000000018964772807716911984243779443204402923583984375, 0, 0.089214861392974853515625, -0.00000000019017608321458823184002540074288845062255859375, 0.99601233005523681640625, 0, -0.069324336946010589599609375, 0, 0.0043196869082748889923095703125, 1, },
			{ 0.996005713939666748046875, 0.000000000002586375558166764676570892333984375, -0.0892892181873321533203125, 0, 0.000000000014418465553445170002078157267533242702484130859375, 1, 0.00000000018980554628011958584465901367366313934326171875, 0, 0.0892892181873321533203125, -0.00000000019033478959595839796747895888984203338623046875, 0.996005713939666748046875, 0, -0.06427657604217529296875, 0, 0.004005164839327335357666015625, 1, },
			{ 0.9960043430328369140625, 0.0000000000025883739596110899583436548709869384765625, -0.089304864406585693359375, 0, 0.000000000014422684400938745596931767067871987819671630859375, 1, 0.00000000018983874194855587802521768026053905487060546875, 0, 0.089304864406585693359375, -0.00000000019036817955342399955043219961225986480712890625, 0.9960043430328369140625, 0, -0.0592526234686374664306640625, 0, 0.0036921310238540172576904296875, 1, },
			{ 0.9960029125213623046875, 0.000000000002590372361055415240116417407989501953125, -0.089320518076419830322265625, 0, 0.000000000014426681203827396160477292141877114772796630859375, 1, 0.00000000018987196537256778583468985743820667266845703125, 0, 0.089320518076419830322265625, -0.00000000019040159726646521676229895092546939849853515625, 0.9960029125213623046875, 0, -0.0542726106941699981689453125, 0, 0.00338180526159703731536865234375, 1, },
			{ 0.99602544307708740234375, 0.0000000000025590640717609858256764709949493408203125, -0.08906948566436767578125, 0, 0.000000000014362289135760875069536268711090087890625, 1, 0.00000000018933908607632332632420002482831478118896484375, 0, 0.08906948566436767578125, -0.00000000018986572036805426932914997451007366180419921875, 0.99602544307708740234375, 0, -0.0493560768663883209228515625, 0, 0.003075485117733478546142578125, 1, },
			{ 0.996089994907379150390625, 0.000000000002469580095976198208518326282501220703125, -0.08834405243396759033203125, 0, 0.0000000000141764378014386238646693527698516845703125, 1, 0.00000000018779915123001700294480542652308940887451171875, 0, 0.08834405243396759033203125, -0.0000000001883172229266705244299373589456081390380859375, 0.996089994907379150390625, 0, -0.044517211616039276123046875, 0, 0.00277393334545195102691650390625, 1, },
			{ 0.99619209766387939453125, 0.0000000000023290258610586533905006945133209228515625, -0.087185643613338470458984375, 0, 0.000000000013882671921761069455669712624512612819671630859375, 1, 0.00000000018534000723047228120776708237826824188232421875, 0, 0.087185643613338470458984375, -0.00000000018584454808401318359756260178983211517333984375, 0.99619209766387939453125, 0, -0.0397694371640682220458984375, 0, 0.0024781036190688610076904296875, 1, },
			{ 0.99632656574249267578125, 0.0000000000021456170173905775300227105617523193359375, -0.085635654628276824951171875, 0, 0.000000000013493650641294152592308819293975830078125, 1, 0.00000000018204947271893701099543250165879726409912109375, 0, 0.085635654628276824951171875, -0.000000000182536208370720487437210977077484130859375, 0.99632656574249267578125, 0, -0.035125732421875, 0, 0.00218875869177281856536865234375, 1, },
			{ 0.996488034725189208984375, 0.000000000001927791259959121816791594028472900390625, -0.083735503256320953369140625, 0, 0.0000000000130240263018777113757096230983734130859375, 1, 0.00000000017801526919214438748895190656185150146484375, 0, 0.083735503256320953369140625, -0.000000000178480619172916021852870471775531768798828125, 0.996488034725189208984375, 0, -0.03059982322156429290771484375, 0, 0.001906738267280161380767822265625, 1, },
			{ 0.996671140193939208984375, 0.0000000000016842083283563624718226492404937744140625, -0.0815265476703643798828125, 0, 0.000000000012487787713622022778281461796723306179046630859375, 1, 0.00000000017332520141355445275621605105698108673095703125, 0, 0.0815265476703643798828125, -0.000000000173766279143450219635269604623317718505859375, 0.996671140193939208984375, 0, -0.02620422281324863433837890625, 0, 0.00163284293375909328460693359375, 1, },
			{ 0.99687063694000244140625, 0.000000000001423749898359083498888821850414387881755828857421875, -0.07905018329620361328125, 0, 0.0000000000118991483333275027689523994922637939453125, 1, 0.0000000001680669770021125941639184020459651947021484375, 0, 0.07905018329620361328125, -0.000000000168481617546234474502853117883205413818359375, 0.99687063694000244140625, 0, -0.02195297181606292724609375, 0, 0.001367950462736189365386962890625, 1, },
			{ 0.997081220149993896484375, 0.0000000000011544099010052377707324922084808349609375, -0.07634784281253814697265625, 0, 0.00000000001127187232441428932361304759979248046875, 1, 0.0000000001623284562324300850377767346799373626708984375, 0, 0.07634784281253814697265625, -0.0000000001627152024230582583186333067715167999267578125, 0.997081220149993896484375, 0, -0.01785873435437679290771484375, 0, 0.001112823490984737873077392578125, 1, },
			{ 0.99729812145233154296875, 0.000000000000884181616811474668793380260467529296875, -0.07346098124980926513671875, 0, 0.000000000010618617096724847215227782726287841796875, 1, 0.000000000156197554890269429961335845291614532470703125, 0, 0.07346098124980926513671875, -0.00000000015655554630455981168779544532299041748046875, 0.99729812145233154296875, 0, -0.013934783637523651123046875, 0, 0.0008683013729751110076904296875, 1, },
			{ 0.997516632080078125, 0.000000000000619504447740837349556386470794677734375, -0.07043106853961944580078125, 0, 0.0000000000099527053265546783222816884517669677734375, 1, 0.00000000014976224427254436477596755139529705047607421875, 0, 0.07043106853961944580078125, -0.0000000001500913004992554533600923605263233184814453125, 0.997516632080078125, 0, -0.01019454933702945709228515625, 0, 0.000635261530987918376922607421875, 1, },
			{ 0.99773311614990234375, 0.0000000000003665956427312266896478831768035888671875, -0.0672946274280548095703125, 0, 0.0000000000092843510657303340849466621875762939453125, 1, 0.00000000014310004570194934103710693307220935821533203125, 0, 0.0672946274280548095703125, -0.000000000143400402663473869324661791324615478515625, 0.99773311614990234375, 0, -0.00665451027452945709228515625, 0, 0.0004146575811319053173065185546875, 1, },
