function data()
return { 
		times = { 0, 41.667000000000001591615728102624416351318359375, 83.332999999999998408384271897375583648681640625, 125, 166.667000000000001591615728102624416351318359375, 208.332999999999998408384271897375583648681640625, 250, 291.66699999999997316990629769861698150634765625, 333.33300000000002683009370230138301849365234375, 375, 416.66699999999997316990629769861698150634765625, 458.33300000000002683009370230138301849365234375, 500, 541.6670000000000300133251585066318511962890625, 583.3329999999999699866748414933681488037109375, 625, 666.6670000000000300133251585066318511962890625, 708.3329999999999699866748414933681488037109375, 750, 791.6670000000000300133251585066318511962890625, 833.3329999999999699866748414933681488037109375, 875, 916.6670000000000300133251585066318511962890625, 958.3329999999999699866748414933681488037109375, 1000, 1041.66699999999991632648743689060211181640625, 1083.33300000000008367351256310939788818359375, 1125, 1166.66699999999991632648743689060211181640625, 1208.33300000000008367351256310939788818359375, 1250, 1291.66699999999991632648743689060211181640625, 1333.33300000000008367351256310939788818359375, 1375, 1416.66699999999991632648743689060211181640625, 1458.33300000000008367351256310939788818359375, 1500, 1541.66699999999991632648743689060211181640625, 1583.33300000000008367351256310939788818359375, 1625, 1666.66699999999991632648743689060211181640625, 1708.33300000000008367351256310939788818359375, 1750, 1791.66699999999991632648743689060211181640625, 1833.33300000000008367351256310939788818359375, 1875, 1916.66699999999991632648743689060211181640625, 1958.33300000000008367351256310939788818359375, 2000, 2041.66699999999991632648743689060211181640625, 2083.33300000000008367351256310939788818359375, 2125, 2166.66699999999991632648743689060211181640625, 2208.33300000000008367351256310939788818359375, 2250, 2291.66699999999991632648743689060211181640625, 2333.33300000000008367351256310939788818359375, 2375, 2416.66699999999991632648743689060211181640625, 2458.33300000000008367351256310939788818359375, 2500, 2541.66699999999991632648743689060211181640625, 2583.33300000000008367351256310939788818359375, 2625, 2666.66699999999991632648743689060211181640625, 2708.33300000000008367351256310939788818359375, 2750, 2791.66699999999991632648743689060211181640625, 2833.33300000000008367351256310939788818359375, 2875, 2916.66699999999991632648743689060211181640625, 2958.33300000000008367351256310939788818359375, 3000, 3041.66699999999991632648743689060211181640625, 3083.33300000000008367351256310939788818359375, 3125, 3166.66699999999991632648743689060211181640625, 3208.33300000000008367351256310939788818359375, 3250, 3291.66699999999991632648743689060211181640625, 3333.33300000000008367351256310939788818359375, 3375, 3416.66699999999991632648743689060211181640625, 3458.33300000000008367351256310939788818359375, 3500, 3541.66699999999991632648743689060211181640625, 3583.33300000000008367351256310939788818359375, 3625, 3666.66699999999991632648743689060211181640625, 3708.33300000000008367351256310939788818359375, 3750, 3791.66699999999991632648743689060211181640625, 3833.33300000000008367351256310939788818359375, 3875, 3916.66699999999991632648743689060211181640625, 3958.33300000000008367351256310939788818359375, 4000, 4041.66699999999991632648743689060211181640625, 4083.33300000000008367351256310939788818359375, 4125, 4166.6670000000003710738383233547210693359375, },
		transfs = {
			{ 1, 0, 0, 0, 0, 1, 0, 0, 0, 0, 1, 0, 0, 0, 0, 1, },
			{ 0.9999997615814208984375, 0, -0.0005907944287173449993133544921875, 0, 0, 1, 0, 0, 0.0005907944287173449993133544921875, 0, 0.9999997615814208984375, 0, 0.001563110272400081157684326171875, 0, 0, 1, },
			{ 0.99999773502349853515625, 0, -0.00210638926364481449127197265625, 0, 0, 1, 0, 0, 0.00210638926364481449127197265625, 0, 0.99999773502349853515625, 0, 0.00312622054480016231536865234375, 0, 0, 1, },
			{ 0.99999129772186279296875, 0, -0.0041615986265242099761962890625, 0, 0, 1, 0, 0, 0.0041615986265242099761962890625, 0, 0.99999129772186279296875, 0, 0.0064109801314771175384521484375, 0, 0, 1, },
			{ 0.999979674816131591796875, 0, -0.006371230818331241607666015625, 0, 0, 1, 0, 0, 0.006371230818331241607666015625, 0, 0.999979674816131591796875, 0, 0.01029037497937679290771484375, 0, 0, 1, },
			{ 0.999965131282806396484375, 0, -0.00835010223090648651123046875, 0, 0, 1, 0, 0, 0.00835010223090648651123046875, 0, 0.999965131282806396484375, 0, 0.01434860192239284515380859375, 0, 0, 1, },
			{ 0.999952018260955810546875, 0, -0.009795174933969974517822265625, 0, 0, 1, 0, 0, 0.009795174933969974517822265625, 0, 0.999952018260955810546875, 0, 0.01825012080371379852294921875, 0, 0, 1, },
			{ 0.99994242191314697265625, 0, -0.0107318945229053497314453125, 0, 0, 1, 0, 0, 0.0107318945229053497314453125, 0, 0.99994242191314697265625, 0, 0.0219752490520477294921875, 0, 0, 1, },
			{ 0.99993646144866943359375, 0, -0.01126782037317752838134765625, 0, 0, 1, 0, 0, 0.01126782037317752838134765625, 0, 0.99993646144866943359375, 0, 0.02558242715895175933837890625, 0, 0, 1, },
			{ 0.999933779239654541015625, 0, -0.01151050627231597900390625, 0, 0, 1, 0, 0, 0.01151050627231597900390625, 0, 0.999933779239654541015625, 0, 0.0291317738592624664306640625, 0, 0, 1, },
			{ 0.99993312358856201171875, 0, -0.0115675032138824462890625, 0, 0, 1, 0, 0, 0.0115675032138824462890625, 0, 0.99993312358856201171875, 0, 0.0326820351183414459228515625, 0, 0, 1, },
			{ 0.999933183193206787109375, 0, -0.0115600787103176116943359375, 0, 0, 1, 0, 0, 0.0115600787103176116943359375, 0, 0.999933183193206787109375, 0, 0.0362789891660213470458984375, 0, 0, 1, },
			{ 0.999933183193206787109375, 0, -0.011552654206752777099609375, 0, 0, 1, 0, 0, 0.011552654206752777099609375, 0, 0.999933183193206787109375, 0, 0.0399147011339664459228515625, 0, 0, 1, },
			{ 0.999933302402496337890625, 0, -0.0115452297031879425048828125, 0, 0, 1, 0, 0, 0.0115452297031879425048828125, 0, 0.999933302402496337890625, 0, 0.0435675047338008880615234375, 0, 0, 1, },
			{ 0.999933660030364990234375, 0, -0.011514700949192047119140625, 0, 0, 1, 0, 0, 0.011514700949192047119140625, 0, 0.999933660030364990234375, 0, 0.0472163371741771697998046875, 0, 0, 1, },
			{ 0.99993419647216796875, 0, -0.011464369483292102813720703125, 0, 0, 1, 0, 0, 0.011464369483292102813720703125, 0, 0.99993419647216796875, 0, 0.0508389286696910858154296875, 0, 0, 1, },
			{ 0.999937593936920166015625, 0, -0.01116926036775112152099609375, 0, 0, 1, 0, 0, 0.01116926036775112152099609375, 0, 0.999937593936920166015625, 0, 0.054416656494140625, 0, 0, 1, },
			{ 0.999945223331451416015625, 0, -0.01046753488481044769287109375, 0, 0, 1, 0, 0, 0.01046753488481044769287109375, 0, 0.999945223331451416015625, 0, 0.0579391457140445709228515625, 0, 0, 1, },
			{ 0.999955356121063232421875, 0, -0.009448968805372714996337890625, 0, 0, 1, 0, 0, 0.009448968805372714996337890625, 0, 0.999955356121063232421875, 0, 0.061398617923259735107421875, 0, 0, 1, },
			{ 0.99996626377105712890625, 0, -0.00820333696901798248291015625, 0, 0, 1, 0, 0, 0.00820333696901798248291015625, 0, 0.99996626377105712890625, 0, 0.064787290990352630615234375, 0, 0, 1, },
			{ 0.999976694583892822265625, 0, -0.006820411421358585357666015625, 0, 0, 1, 0, 0, 0.006820411421358585357666015625, 0, 0.999976694583892822265625, 0, 0.068097077310085296630859375, 0, 0, 1, },
			{ 0.999985516071319580078125, 0, -0.00537136010825634002685546875, 0, 0, 1, 0, 0, 0.00537136010825634002685546875, 0, 0.999985516071319580078125, 0, 0.07131896913051605224609375, 0, 0, 1, },
			{ 0.999992549419403076171875, 0, -0.0038528931327164173126220703125, 0, 0, 1, 0, 0, 0.0038528931327164173126220703125, 0, 0.999992549419403076171875, 0, 0.074439845979213714599609375, 0, 0, 1, },
			{ 0.999997437000274658203125, 0, -0.00224310322664678096771240234375, 0, 0, 1, 0, 0, 0.00224310322664678096771240234375, 0, 0.999997437000274658203125, 0, 0.0774447619915008544921875, 0, 0, 1, },
			{ 0.99999988079071044921875, 0, -0.000520086265169084072113037109375, 0, 0, 1, 0, 0, 0.000520086265169084072113037109375, 0, 0.99999988079071044921875, 0, 0.0802461206912994384765625, 0, 0, 1, },
			{ 0.99999904632568359375, 0, 0.00133806210942566394805908203125, 0, 0, 1, 0, 0, -0.00133806210942566394805908203125, 0, 0.99999904632568359375, 0, 0.083047486841678619384765625, 0, 0, 1, },
			{ 0.99999439716339111328125, 0, 0.003346788696944713592529296875, 0, 0, 1, 0, 0, -0.003346788696944713592529296875, 0, 0.99999439716339111328125, 0, 0.0855381786823272705078125, 0, 0, 1, },
			{ 0.99998486042022705078125, 0, 0.005495719611644744873046875, 0, 0, 1, 0, 0, -0.005495719611644744873046875, 0, 0.99998486042022705078125, 0, 0.088028870522975921630859375, 0, 0, 1, },
			{ 0.999969780445098876953125, 0, 0.0077680242247879505157470703125, 0, 0, 1, 0, 0, -0.0077680242247879505157470703125, 0, 0.999969780445098876953125, 0, 0.09019668400287628173828125, 0, 0, 1, },
			{ 0.9999485015869140625, 0, 0.010146874003112316131591796875, 0, 0, 1, 0, 0, -0.010146874003112316131591796875, 0, 0.9999485015869140625, 0, 0.09236465394496917724609375, 0, 0, 1, },
			{ 0.999920427799224853515625, 0, 0.01261542737483978271484375, 0, 0, 1, 0, 0, -0.01261542737483978271484375, 0, 0.999920427799224853515625, 0, 0.09419967234134674072265625, 0, 0, 1, },
			{ 0.999885082244873046875, 0, 0.015158834867179393768310546875, 0, 0, 1, 0, 0, -0.015158834867179393768310546875, 0, 0.999885082244873046875, 0, 0.096034847199916839599609375, 0, 0, 1, },
			{ 0.999842107295989990234375, 0, 0.0177701078355312347412109375, 0, 0, 1, 0, 0, -0.0177701078355312347412109375, 0, 0.999842107295989990234375, 0, 0.097181089222431182861328125, 0, 0, 1, },
			{ 0.999790966510772705078125, 0, 0.02044425904750823974609375, 0, 0, 1, 0, 0, -0.02044425904750823974609375, 0, 0.999790966510772705078125, 0, 0.098327331244945526123046875, 0, 0, 1, },
			{ 0.999731361865997314453125, 0, 0.0231762826442718505859375, 0, 0, 1, 0, 0, -0.0231762826442718505859375, 0, 0.999731361865997314453125, 0, 0.099473573267459869384765625, 0, 0, 1, },
			{ 0.999662935733795166015625, 0, 0.0259611792862415313720703125, 0, 0, 1, 0, 0, -0.0259611792862415313720703125, 0, 0.999662935733795166015625, 0, 0.0990397632122039794921875, 0, 0, 1, },
			{ 0.999585449695587158203125, 0, 0.02879055403172969818115234375, 0, 0, 1, 0, 0, -0.02879055403172969818115234375, 0, 0.999585449695587158203125, 0, 0.098606109619140625, 0, 0, 1, },
			{ 0.99949920177459716796875, 0, 0.031642474234104156494140625, 0, 0, 1, 0, 0, -0.031642474234104156494140625, 0, 0.99949920177459716796875, 0, 0.0981724560260772705078125, 0, 0, 1, },
			{ 0.999404966831207275390625, 0, 0.0344916023313999176025390625, 0, 0, 1, 0, 0, -0.0344916023313999176025390625, 0, 0.999404966831207275390625, 0, 0.097738645970821380615234375, 0, 0, 1, },
			{ 0.999303638935089111328125, 0, 0.037312619388103485107421875, 0, 0, 1, 0, 0, -0.037312619388103485107421875, 0, 0.999303638935089111328125, 0, 0.09730483591556549072265625, 0, 0, 1, },
			{ 0.99919641017913818359375, 0, 0.0400802232325077056884765625, 0, 0, 1, 0, 0, -0.0400802232325077056884765625, 0, 0.99919641017913818359375, 0, 0.09687118232250213623046875, 0, 0, 1, },
			{ 0.999084651470184326171875, 0, 0.0427748002111911773681640625, 0, 0, 1, 0, 0, -0.0427748002111911773681640625, 0, 0.999084651470184326171875, 0, 0.09643752872943878173828125, 0, 0, 1, },
			{ 0.998968899250030517578125, 0, 0.045399449765682220458984375, 0, 0, 1, 0, 0, -0.045399449765682220458984375, 0, 0.998968899250030517578125, 0, 0.096003718674182891845703125, 0, 0, 1, },
			{ 0.99884903430938720703125, 0, 0.0479629524052143096923828125, 0, 0, 1, 0, 0, -0.0479629524052143096923828125, 0, 0.99884903430938720703125, 0, 0.095569916069507598876953125, 0, 0, 1, },
			{ 0.998725354671478271484375, 0, 0.05047406256198883056640625, 0, 0, 1, 0, 0, -0.05047406256198883056640625, 0, 0.998725354671478271484375, 0, 0.095136262476444244384765625, 0, 0, 1, },
			{ 0.998597621917724609375, 0, 0.0529416017234325408935546875, 0, 0, 1, 0, 0, -0.0529416017234325408935546875, 0, 0.998597621917724609375, 0, 0.093182526528835296630859375, 0, 0, 1, },
			{ 0.998466074466705322265625, 0, 0.0553672946989536285400390625, 0, 0, 1, 0, 0, -0.0553672946989536285400390625, 0, 0.998466074466705322265625, 0, 0.091228939592838287353515625, 0, 0, 1, },
			{ 0.998332440853118896484375, 0, 0.057724945247173309326171875, 0, 0, 1, 0, 0, -0.057724945247173309326171875, 0, 0.998332440853118896484375, 0, 0.0889512598514556884765625, 0, 0, 1, },
			{ 0.998199522495269775390625, 0, 0.0599813051521778106689453125, 0, 0, 1, 0, 0, -0.0599813051521778106689453125, 0, 0.998199522495269775390625, 0, 0.086673580110073089599609375, 0, 0, 1, },
			{ 0.998069703578948974609375, 0, 0.06210315227508544921875, 0, 0, 1, 0, 0, -0.06210315227508544921875, 0, 0.998069703578948974609375, 0, 0.084099881350994110107421875, 0, 0, 1, },
			{ 0.997946202754974365234375, 0, 0.0640573203563690185546875, 0, 0, 1, 0, 0, -0.0640573203563690185546875, 0, 0.997946202754974365234375, 0, 0.08152602612972259521484375, 0, 0, 1, },
			{ 0.99783146381378173828125, 0, 0.0658199787139892578125, 0, 0, 1, 0, 0, -0.0658199787139892578125, 0, 0.99783146381378173828125, 0, 0.078677825629711151123046875, 0, 0, 1, },
			{ 0.997725665569305419921875, 0, 0.067404530942440032958984375, 0, 0, 1, 0, 0, -0.067404530942440032958984375, 0, 0.997725665569305419921875, 0, 0.075829468667507171630859375, 0, 0, 1, },
			{ 0.99762809276580810546875, 0, 0.068833597004413604736328125, 0, 0, 1, 0, 0, -0.068833597004413604736328125, 0, 0.99762809276580810546875, 0, 0.072787471115589141845703125, 0, 0, 1, },
			{ 0.9975378513336181640625, 0, 0.07012999057769775390625, 0, 0, 1, 0, 0, -0.07012999057769775390625, 0, 0.9975378513336181640625, 0, 0.069622494280338287353515625, 0, 0, 1, },
			{ 0.997453749179840087890625, 0, 0.071316353976726531982421875, 0, 0, 1, 0, 0, -0.071316353976726531982421875, 0, 0.997453749179840087890625, 0, 0.06633941829204559326171875, 0, 0, 1, },
			{ 0.99737513065338134765625, 0, 0.07240648567676544189453125, 0, 0, 1, 0, 0, -0.07240648567676544189453125, 0, 0.99737513065338134765625, 0, 0.06294433772563934326171875, 0, 0, 1, },
			{ 0.99730408191680908203125, 0, 0.07337854802608489990234375, 0, 0, 1, 0, 0, -0.07337854802608489990234375, 0, 0.99730408191680908203125, 0, 0.0594508349895477294921875, 0, 0, 1, },
			{ 0.9972431659698486328125, 0, 0.074201844632625579833984375, 0, 0, 1, 0, 0, -0.074201844632625579833984375, 0, 0.9972431659698486328125, 0, 0.055873870849609375, 0, 0, 1, },
			{ 0.99719512462615966796875, 0, 0.07484565675258636474609375, 0, 0, 1, 0, 0, -0.07484565675258636474609375, 0, 0.99719512462615966796875, 0, 0.05222900211811065673828125, 0, 0, 1, },
			{ 0.997162401676177978515625, 0, 0.075279295444488525390625, 0, 0, 1, 0, 0, -0.075279295444488525390625, 0, 0.997162401676177978515625, 0, 0.0485307313501834869384765625, 0, 0, 1, },
			{ 0.997142851352691650390625, 0, 0.07553820312023162841796875, 0, 0, 1, 0, 0, -0.07553820312023162841796875, 0, 0.997142851352691650390625, 0, 0.0447955317795276641845703125, 0, 0, 1, },
			{ 0.997130930423736572265625, 0, 0.075695224106311798095703125, 0, 0, 1, 0, 0, -0.075695224106311798095703125, 0, 0.997130930423736572265625, 0, 0.0410430915653705596923828125, 0, 0, 1, },
			{ 0.99712812900543212890625, 0, 0.0757334232330322265625, 0, 0, 1, 0, 0, -0.0757334232330322265625, 0, 0.99712812900543212890625, 0, 0.0372943095862865447998046875, 0, 0, 1, },
			{ 0.997125148773193359375, 0, 0.075771622359752655029296875, 0, 0, 1, 0, 0, -0.075771622359752655029296875, 0, 0.997125148773193359375, 0, 0.0335697941482067108154296875, 0, 0, 1, },
			{ 0.997122287750244140625, 0, 0.075809814035892486572265625, 0, 0, 1, 0, 0, -0.075809814035892486572265625, 0, 0.997122287750244140625, 0, 0.02989028953015804290771484375, 0, 0, 1, },
			{ 0.99714529514312744140625, 0, 0.075505681335926055908203125, 0, 0, 1, 0, 0, -0.075505681335926055908203125, 0, 0.99714529514312744140625, 0, 0.02627502381801605224609375, 0, 0, 1, },
			{ 0.9972069263458251953125, 0, 0.07468734681606292724609375, 0, 0, 1, 0, 0, -0.07468734681606292724609375, 0, 0.9972069263458251953125, 0, 0.022735595703125, 0, 0, 1, },
			{ 0.99729549884796142578125, 0, 0.073495946824550628662109375, 0, 0, 1, 0, 0, -0.073495946824550628662109375, 0, 0.99729549884796142578125, 0, 0.019282378256320953369140625, 0, 0, 1, },
			{ 0.99739933013916015625, 0, 0.072072565555572509765625, 0, 0, 1, 0, 0, -0.072072565555572509765625, 0, 0.99739933013916015625, 0, 0.01592498831450939178466796875, 0, 0, 1, },
			{ 0.997507572174072265625, 0, 0.070558361709117889404296875, 0, 0, 1, 0, 0, -0.070558361709117889404296875, 0, 0.997507572174072265625, 0, 0.01267364434897899627685546875, 0, 0, 1, },
			{ 0.9976122379302978515625, 0, 0.069063059985637664794921875, 0, 0, 1, 0, 0, -0.069063059985637664794921875, 0, 0.9976122379302978515625, 0, 0.009539184160530567169189453125, 0, 0, 1, },
			{ 0.99771440029144287109375, 0, 0.067570723593235015869140625, 0, 0, 1, 0, 0, -0.067570723593235015869140625, 0, 0.99771440029144287109375, 0, 0.006535339169204235076904296875, 0, 0, 1, },
			{ 0.997817337512969970703125, 0, 0.066033817827701568603515625, 0, 0, 1, 0, 0, -0.066033817827701568603515625, 0, 0.997817337512969970703125, 0, 0.00367660517804324626922607421875, 0, 0, 1, },
			{ 0.99792385101318359375, 0, 0.064404852688312530517578125, 0, 0, 1, 0, 0, -0.064404852688312530517578125, 0, 0.99792385101318359375, 0, 0.001064300537109375, 0, 0, 1, },
			{ 0.99803638458251953125, 0, 0.062636323273181915283203125, 0, 0, 1, 0, 0, -0.062636323273181915283203125, 0, 0.99803638458251953125, 0, -0.001548156724311411380767822265625, 0, 0, 1, },
			{ 0.99815654754638671875, 0, 0.06069199740886688232421875, 0, 0, 1, 0, 0, -0.06069199740886688232421875, 0, 0.99815654754638671875, 0, -0.00380203244276344776153564453125, 0, 0, 1, },
			{ 0.998282611370086669921875, 0, 0.0585807822644710540771484375, 0, 0, 1, 0, 0, -0.0585807822644710540771484375, 0, 0.998282611370086669921875, 0, -0.00605590827763080596923828125, 0, 0, 1, },
			{ 0.998412609100341796875, 0, 0.0563228316605091094970703125, 0, 0, 1, 0, 0, -0.0563228316605091094970703125, 0, 0.998412609100341796875, 0, -0.00798599235713481903076171875, 0, 0, 1, },
			{ 0.998544216156005859375, 0, 0.0539384149014949798583984375, 0, 0, 1, 0, 0, -0.0539384149014949798583984375, 0, 0.998544216156005859375, 0, -0.00991592369973659515380859375, 0, 0, 1, },
			{ 0.998675644397735595703125, 0, 0.0514477193355560302734375, 0, 0, 1, 0, 0, -0.0514477193355560302734375, 0, 0.998675644397735595703125, 0, -0.011567077599465847015380859375, 0, 0, 1, },
			{ 0.99880516529083251953125, 0, 0.048869468271732330322265625, 0, 0, 1, 0, 0, -0.048869468271732330322265625, 0, 0.99880516529083251953125, 0, -0.013218230567872524261474609375, 0, 0, 1, },
			{ 0.998931467533111572265625, 0, 0.046216167509555816650390625, 0, 0, 1, 0, 0, -0.046216167509555816650390625, 0, 0.998931467533111572265625, 0, -0.014277038164436817169189453125, 0, 0, 1, },
			{ 0.999053478240966796875, 0, 0.0434987433254718780517578125, 0, 0, 1, 0, 0, -0.0434987433254718780517578125, 0, 0.999053478240966796875, 0, -0.015335693024098873138427734375, 0, 0, 1, },
			{ 0.999170243740081787109375, 0, 0.040728218853473663330078125, 0, 0, 1, 0, 0, -0.040728218853473663330078125, 0, 0.999170243740081787109375, 0, -0.0163944996893405914306640625, 0, 0, 1, },
			{ 0.9992809295654296875, 0, 0.0379155538976192474365234375, 0, 0, 1, 0, 0, -0.0379155538976192474365234375, 0, 0.9992809295654296875, 0, -0.01604598946869373321533203125, 0, 0, 1, },
			{ 0.9993846416473388671875, 0, 0.035075061023235321044921875, 0, 0, 1, 0, 0, -0.035075061023235321044921875, 0, 0.9993846416473388671875, 0, -0.0156976319849491119384765625, 0, 0, 1, },
			{ 0.999480307102203369140625, 0, 0.03223441541194915771484375, 0, 0, 1, 0, 0, -0.03223441541194915771484375, 0, 0.999480307102203369140625, 0, -0.015349120832979679107666015625, 0, 0, 1, },
			{ 0.9995670318603515625, 0, 0.02942458726465702056884765625, 0, 0, 1, 0, 0, -0.02942458726465702056884765625, 0, 0.9995670318603515625, 0, -0.01500060968101024627685546875, 0, 0, 1, },
			{ 0.999644100666046142578125, 0, 0.02667660079896450042724609375, 0, 0, 1, 0, 0, -0.02667660079896450042724609375, 0, 0.999644100666046142578125, 0, -0.014652252197265625, 0, 0, 1, },
			{ 0.999711453914642333984375, 0, 0.02402144484221935272216796875, 0, 0, 1, 0, 0, -0.02402144484221935272216796875, 0, 0.999711453914642333984375, 0, -0.014303741045296192169189453125, 0, 0, 1, },
			{ 0.999769389629364013671875, 0, 0.0214720070362091064453125, 0, 0, 1, 0, 0, -0.0214720070362091064453125, 0, 0.999769389629364013671875, 0, -0.013955230824649333953857421875, 0, 0, 1, },
			{ 0.999820053577423095703125, 0, 0.01896847598254680633544921875, 0, 0, 1, 0, 0, -0.01896847598254680633544921875, 0, 0.999820053577423095703125, 0, -0.013606719672679901123046875, 0, 0, 1, },
			{ 0.99986493587493896484375, 0, 0.016432903707027435302734375, 0, 0, 1, 0, 0, -0.016432903707027435302734375, 0, 0.99986493587493896484375, 0, -0.013258361257612705230712890625, 0, 0, 1, },
			{ 0.9999048709869384765625, 0, 0.0137873105704784393310546875, 0, 0, 1, 0, 0, -0.0137873105704784393310546875, 0, 0.9999048709869384765625, 0, -0.012909851036965847015380859375, 0, 0, 1, },
			{ 0.999939978122711181640625, 0, 0.01095370762050151824951171875, 0, 0, 1, 0, 0, -0.01095370762050151824951171875, 0, 0.999939978122711181640625, 0, -0.0105090327560901641845703125, 0, 0, 1, },
			{ 0.999968588352203369140625, 0, 0.00792421400547027587890625, 0, 0, 1, 0, 0, -0.00792421400547027587890625, 0, 0.999968588352203369140625, 0, -0.00810821540653705596923828125, 0, 0, 1, },
			{ 0.999987661838531494140625, 0, 0.0049714013002812862396240234375, 0, 0, 1, 0, 0, -0.0049714013002812862396240234375, 0, 0.999987661838531494140625, 0, -0.005238342098891735076904296875, 0, 0, 1, },
			{ 0.99999701976776123046875, 0, 0.00243796757422387599945068359375, 0, 0, 1, 0, 0, -0.00243796757422387599945068359375, 0, 0.99999701976776123046875, 0, -0.0029853819869458675384521484375, 0, 0, 1, },
			{ 0.999999701976776123046875, 0, 0.00066660507582128047943115234375, 0, 0, 1, 0, 0, -0.00066660507582128047943115234375, 0, 0.999999701976776123046875, 0, -0.0007325744372792541980743408203125, 0, 0, 1, },
			{ 1, 0, 0, 0, 0, 1, 0, 0, 0, 0, 1, 0, 0, 0, 0, 1, },
		},
	}
end