function data()
return { 
		times = { 0, 41.667000000000001591615728102624416351318359375, 83.332999999999998408384271897375583648681640625, 125, 166.667000000000001591615728102624416351318359375, 208.332999999999998408384271897375583648681640625, 250, 291.66699999999997316990629769861698150634765625, 333.33300000000002683009370230138301849365234375, 375, 416.66699999999997316990629769861698150634765625, 458.33300000000002683009370230138301849365234375, 500, 541.6670000000000300133251585066318511962890625, 583.3329999999999699866748414933681488037109375, 625, 666.6670000000000300133251585066318511962890625, 708.3329999999999699866748414933681488037109375, 750, 791.6670000000000300133251585066318511962890625, 833.3329999999999699866748414933681488037109375, 875, 916.6670000000000300133251585066318511962890625, 958.3329999999999699866748414933681488037109375, 1000, 1041.66699999999991632648743689060211181640625, 1083.33300000000008367351256310939788818359375, 1125, 1166.66699999999991632648743689060211181640625, 1208.33300000000008367351256310939788818359375, 1250, 1291.66699999999991632648743689060211181640625, 1333.33300000000008367351256310939788818359375, 1375, 1416.66699999999991632648743689060211181640625, 1458.33300000000008367351256310939788818359375, 1500, 1541.66699999999991632648743689060211181640625, 1583.33300000000008367351256310939788818359375, 1625, 1666.66699999999991632648743689060211181640625, 1708.33300000000008367351256310939788818359375, 1750, 1791.66699999999991632648743689060211181640625, 1833.33300000000008367351256310939788818359375, 1875, 1916.66699999999991632648743689060211181640625, 1958.33300000000008367351256310939788818359375, 2000, 2041.66699999999991632648743689060211181640625, 2083.33300000000008367351256310939788818359375, 2125, 2166.66699999999991632648743689060211181640625, 2208.33300000000008367351256310939788818359375, 2250, 2291.66699999999991632648743689060211181640625, 2333.33300000000008367351256310939788818359375, 2375, 2416.66699999999991632648743689060211181640625, 2458.33300000000008367351256310939788818359375, 2500, 2541.66699999999991632648743689060211181640625, 2583.33300000000008367351256310939788818359375, 2625, 2666.66699999999991632648743689060211181640625, 2708.33300000000008367351256310939788818359375, 2750, 2791.66699999999991632648743689060211181640625, 2833.33300000000008367351256310939788818359375, 2875, 2916.66699999999991632648743689060211181640625, 2958.33300000000008367351256310939788818359375, 3000, 3041.66699999999991632648743689060211181640625, 3083.33300000000008367351256310939788818359375, 3125, 3166.66699999999991632648743689060211181640625, 3208.33300000000008367351256310939788818359375, 3250, 3291.66699999999991632648743689060211181640625, 3333.33300000000008367351256310939788818359375, 3375, 3416.66699999999991632648743689060211181640625, 3458.33300000000008367351256310939788818359375, 3500, 3541.66699999999991632648743689060211181640625, 3583.33300000000008367351256310939788818359375, 3625, 3666.66699999999991632648743689060211181640625, 3708.33300000000008367351256310939788818359375, 3750, 3791.66699999999991632648743689060211181640625, 3833.33300000000008367351256310939788818359375, 3875, 3916.66699999999991632648743689060211181640625, 3958.33300000000008367351256310939788818359375, 4000, 4041.66699999999991632648743689060211181640625, 4083.33300000000008367351256310939788818359375, 4125, 4166.6670000000003710738383233547210693359375, },
		transfs = {
			{ 1, 0, 0, 0, 0, 1, 0, 0, 0, 0, 1, 0, 0, 0, 0, 1, },
			{ 0.99999940395355224609375, 0, 0.0011184192262589931488037109375, 0, 0, 1, 0, 0, -0.0011184192262589931488037109375, 0, 0.99999940395355224609375, 0, -0.00040039062150754034519195556640625, 0, 0, 1, },
			{ 0.999991595745086669921875, 0, 0.0040809251368045806884765625, 0, 0, 1, 0, 0, -0.0040809251368045806884765625, 0, 0.999991595745086669921875, 0, -0.0008007812430150806903839111328125, 0, 0, 1, },
			{ 0.99996554851531982421875, 0, 0.008298338390886783599853515625, 0, 0, 1, 0, 0, -0.008298338390886783599853515625, 0, 0.99996554851531982421875, 0, -0.0012011718936264514923095703125, 0, 0, 1, },
			{ 0.99991309642791748046875, 0, 0.013181417249143123626708984375, 0, 0, 1, 0, 0, -0.013181417249143123626708984375, 0, 0.99991309642791748046875, 0, -0.001601562486030161380767822265625, 0, 0, 1, },
			{ 0.999835431575775146484375, 0, 0.01814092509448528289794921875, 0, 0, 1, 0, 0, -0.01814092509448528289794921875, 0, 0.999835431575775146484375, 0, -0.00200195307843387126922607421875, 0, 0, 1, },
			{ 0.999742209911346435546875, 0, 0.022706039249897003173828125, 0, 0, 1, 0, 0, -0.022706039249897003173828125, 0, 0.999742209911346435546875, 0, -0.002402343787252902984619140625, 0, 0, 1, },
			{ 0.999638617038726806640625, 0, 0.02687926404178142547607421875, 0, 0, 1, 0, 0, -0.02687926404178142547607421875, 0, 0.999638617038726806640625, 0, -0.002802734263241291046142578125, 0, 0, 1, },
			{ 0.99952614307403564453125, 0, 0.03078134544193744659423828125, 0, 0, 1, 0, 0, -0.03078134544193744659423828125, 0, 0.99952614307403564453125, 0, -0.00320312497206032276153564453125, 0, 0, 1, },
			{ 0.999403536319732666015625, 0, 0.034533075988292694091796875, 0, 0, 1, 0, 0, -0.034533075988292694091796875, 0, 0.999403536319732666015625, 0, -0.00360351544804871082305908203125, 0, 0, 1, },
			{ 0.99926793575286865234375, 0, 0.03825511038303375244140625, 0, 0, 1, 0, 0, -0.03825511038303375244140625, 0, 0.99926793575286865234375, 0, -0.0040039061568677425384521484375, 0, 0, 1, },
			{ 0.999115884304046630859375, 0, 0.042041502892971038818359375, 0, 0, 1, 0, 0, -0.042041502892971038818359375, 0, 0.999115884304046630859375, 0, -0.0062947082333266735076904296875, 0, 0, 1, },
			{ 0.9989469051361083984375, 0, 0.0458798222243785858154296875, 0, 0, 1, 0, 0, -0.0458798222243785858154296875, 0, 0.9989469051361083984375, 0, -0.008585357107222080230712890625, 0, 0, 1, },
			{ 0.998762607574462890625, 0, 0.0497309900820255279541015625, 0, 0, 1, 0, 0, -0.0497309900820255279541015625, 0, 0.998762607574462890625, 0, -0.011257476173341274261474609375, 0, 0, 1, },
			{ 0.99856483936309814453125, 0, 0.0535559765994548797607421875, 0, 0, 1, 0, 0, -0.0535559765994548797607421875, 0, 0.99856483936309814453125, 0, -0.014255675487220287322998046875, 0, 0, 1, },
			{ 0.9983561038970947265625, 0, 0.0573157928884029388427734375, 0, 0, 1, 0, 0, -0.0573157928884029388427734375, 0, 0.9983561038970947265625, 0, -0.01763366721570491790771484375, 0, 0, 1, },
			{ 0.998139202594757080078125, 0, 0.0609755627810955047607421875, 0, 0, 1, 0, 0, -0.0609755627810955047607421875, 0, 0.998139202594757080078125, 0, -0.02142120338976383209228515625, 0, 0, 1, },
			{ 0.99791657924652099609375, 0, 0.064516551792621612548828125, 0, 0, 1, 0, 0, -0.064516551792621612548828125, 0, 0.99791657924652099609375, 0, -0.02555190958082675933837890625, 0, 0, 1, },
			{ 0.997690498828887939453125, 0, 0.067924149334430694580078125, 0, 0, 1, 0, 0, -0.067924149334430694580078125, 0, 0.997690498828887939453125, 0, -0.02993484400212764739990234375, 0, 0, 1, },
			{ 0.997463226318359375, 0, 0.071183748543262481689453125, 0, 0, 1, 0, 0, -0.071183748543262481689453125, 0, 0.997463226318359375, 0, -0.03447921574115753173828125, 0, 0, 1, },
			{ 0.997237384319305419921875, 0, 0.07428078353404998779296875, 0, 0, 1, 0, 0, -0.07428078353404998779296875, 0, 0.997237384319305419921875, 0, -0.039094693958759307861328125, 0, 0, 1, },
			{ 0.997015476226806640625, 0, 0.077201880514621734619140625, 0, 0, 1, 0, 0, -0.077201880514621734619140625, 0, 0.997015476226806640625, 0, -0.043714903295040130615234375, 0, 0, 1, },
			{ 0.996799767017364501953125, 0, 0.079938568174839019775390625, 0, 0, 1, 0, 0, -0.079938568174839019775390625, 0, 0.996799767017364501953125, 0, -0.0483724959194660186767578125, 0, 0, 1, },
			{ 0.996592342853546142578125, 0, 0.082483582198619842529296875, 0, 0, 1, 0, 0, -0.082483582198619842529296875, 0, 0.996592342853546142578125, 0, -0.053124539554119110107421875, 0, 0, 1, },
			{ 0.99639546871185302734375, 0, 0.084829665720462799072265625, 0, 0, 1, 0, 0, -0.084829665720462799072265625, 0, 0.99639546871185302734375, 0, -0.058027647435665130615234375, 0, 0, 1, },
			{ 0.996210992336273193359375, 0, 0.08696962893009185791015625, 0, 0, 1, 0, 0, -0.08696962893009185791015625, 0, 0.996210992336273193359375, 0, -0.063139341771602630615234375, 0, 0, 1, },
			{ 0.996040999889373779296875, 0, 0.08889512717723846435546875, 0, 0, 1, 0, 0, -0.08889512717723846435546875, 0, 0.996040999889373779296875, 0, -0.06849227845668792724609375, 0, 0, 1, },
			{ 0.995887935161590576171875, 0, 0.0905937254428863525390625, 0, 0, 1, 0, 0, -0.0905937254428863525390625, 0, 0.995887935161590576171875, 0, -0.07402312755584716796875, 0, 0, 1, },
			{ 0.995754182338714599609375, 0, 0.0920519530773162841796875, 0, 0, 1, 0, 0, -0.0920519530773162841796875, 0, 0.995754182338714599609375, 0, -0.07964386045932769775390625, 0, 0, 1, },
			{ 0.995642125606536865234375, 0, 0.093256242573261260986328125, 0, 0, 1, 0, 0, -0.093256242573261260986328125, 0, 0.995642125606536865234375, 0, -0.085267029702663421630859375, 0, 0, 1, },
			{ 0.995553910732269287109375, 0, 0.094193153083324432373046875, 0, 0, 1, 0, 0, -0.094193153083324432373046875, 0, 0.995553910732269287109375, 0, -0.09080459177494049072265625, 0, 0, 1, },
			{ 0.995490610599517822265625, 0, 0.094859488308429718017578125, 0, 0, 1, 0, 0, -0.094859488308429718017578125, 0, 0.995490610599517822265625, 0, -0.096187286078929901123046875, 0, 0, 1, },
			{ 0.995449244976043701171875, 0, 0.095293335616588592529296875, 0, 0, 1, 0, 0, -0.095293335616588592529296875, 0, 0.995449244976043701171875, 0, -0.101418606936931610107421875, 0, 0, 1, },
			{ 0.99542522430419921875, 0, 0.09554328024387359619140625, 0, 0, 1, 0, 0, -0.09554328024387359619140625, 0, 0.99542522430419921875, 0, -0.106520228087902069091796875, 0, 0, 1, },
			{ 0.99541842937469482421875, 0, 0.0956141948699951171875, 0, 0, 1, 0, 0, -0.0956141948699951171875, 0, 0.99541842937469482421875, 0, -0.11151397228240966796875, 0, 0, 1, },
			{ 0.9954116344451904296875, 0, 0.095685102045536041259765625, 0, 0, 1, 0, 0, -0.095685102045536041259765625, 0, 0.9954116344451904296875, 0, -0.11642135679721832275390625, 0, 0, 1, },
			{ 0.995436489582061767578125, 0, 0.095425955951213836669921875, 0, 0, 1, 0, 0, -0.095425955951213836669921875, 0, 0.995436489582061767578125, 0, -0.1212516725063323974609375, 0, 0, 1, },
			{ 0.995505869388580322265625, 0, 0.094699762761592864990234375, 0, 0, 1, 0, 0, -0.094699762761592864990234375, 0, 0.995505869388580322265625, 0, -0.12596343457698822021484375, 0, 0, 1, },
			{ 0.995611488819122314453125, 0, 0.0935831367969512939453125, 0, 0, 1, 0, 0, -0.0935831367969512939453125, 0, 0.995611488819122314453125, 0, -0.130502164363861083984375, 0, 0, 1, },
			{ 0.995744884014129638671875, 0, 0.09215275943279266357421875, 0, 0, 1, 0, 0, -0.09215275943279266357421875, 0, 0.995744884014129638671875, 0, -0.134813845157623291015625, 0, 0, 1, },
			{ 0.995897769927978515625, 0, 0.090485371649265289306640625, 0, 0, 1, 0, 0, -0.090485371649265289306640625, 0, 0.995897769927978515625, 0, -0.13884459435939788818359375, 0, 0, 1, },
			{ 0.99606335163116455078125, 0, 0.08864367008209228515625, 0, 0, 1, 0, 0, -0.08864367008209228515625, 0, 0.99606335163116455078125, 0, -0.14255325496196746826171875, 0, 0, 1, },
			{ 0.996240139007568359375, 0, 0.086634695529937744140625, 0, 0, 1, 0, 0, -0.086634695529937744140625, 0, 0.996240139007568359375, 0, -0.1459532082080841064453125, 0, 0, 1, },
			{ 0.996427595615386962890625, 0, 0.084451504051685333251953125, 0, 0, 1, 0, 0, -0.084451504051685333251953125, 0, 0.996427595615386962890625, 0, -0.14907073974609375, 0, 0, 1, },
			{ 0.996625125408172607421875, 0, 0.082087077200412750244140625, 0, 0, 1, 0, 0, -0.082087077200412750244140625, 0, 0.996625125408172607421875, 0, -0.15193282067775726318359375, 0, 0, 1, },
			{ 0.996832072734832763671875, 0, 0.079534478485584259033203125, 0, 0, 1, 0, 0, -0.079534478485584259033203125, 0, 0.996832072734832763671875, 0, -0.15445815026760101318359375, 0, 0, 1, },
			{ 0.99704730510711669921875, 0, 0.076789699494838714599609375, 0, 0, 1, 0, 0, -0.076789699494838714599609375, 0, 0.99704730510711669921875, 0, -0.15698347985744476318359375, 0, 0, 1, },
			{ 0.997268497943878173828125, 0, 0.073860518634319305419921875, 0, 0, 1, 0, 0, -0.073860518634319305419921875, 0, 0.997268497943878173828125, 0, -0.15901656448841094970703125, 0, 0, 1, },
			{ 0.9974935054779052734375, 0, 0.070757605135440826416015625, 0, 0, 1, 0, 0, -0.070757605135440826416015625, 0, 0.9974935054779052734375, 0, -0.16104950010776519775390625, 0, 0, 1, },
			{ 0.997719824314117431640625, 0, 0.067491792142391204833984375, 0, 0, 1, 0, 0, -0.067491792142391204833984375, 0, 0.997719824314117431640625, 0, -0.1624327003955841064453125, 0, 0, 1, },
			{ 0.99794518947601318359375, 0, 0.064073748886585235595703125, 0, 0, 1, 0, 0, -0.064073748886585235595703125, 0, 0.99794518947601318359375, 0, -0.1638160645961761474609375, 0, 0, 1, },
			{ 0.998167216777801513671875, 0, 0.0605159215629100799560546875, 0, 0, 1, 0, 0, -0.0605159215629100799560546875, 0, 0.998167216777801513671875, 0, -0.163523256778717041015625, 0, 0, 1, },
			{ 0.998383462429046630859375, 0, 0.056837044656276702880859375, 0, 0, 1, 0, 0, -0.056837044656276702880859375, 0, 0.998383462429046630859375, 0, -0.16323028504848480224609375, 0, 0, 1, },
			{ 0.99859142303466796875, 0, 0.053057633340358734130859375, 0, 0, 1, 0, 0, -0.053057633340358734130859375, 0, 0.99859142303466796875, 0, -0.162937462329864501953125, 0, 0, 1, },
			{ 0.99878895282745361328125, 0, 0.0491980798542499542236328125, 0, 0, 1, 0, 0, -0.0491980798542499542236328125, 0, 0.99878895282745361328125, 0, -0.1626446545124053955078125, 0, 0, 1, },
			{ 0.998974382877349853515625, 0, 0.0452788807451725006103515625, 0, 0, 1, 0, 0, -0.0452788807451725006103515625, 0, 0.998974382877349853515625, 0, -0.16235168278217315673828125, 0, 0, 1, },
			{ 0.999145984649658203125, 0, 0.041319735348224639892578125, 0, 0, 1, 0, 0, -0.041319735348224639892578125, 0, 0.999145984649658203125, 0, -0.1620588600635528564453125, 0, 0, 1, },
			{ 0.999302685260772705078125, 0, 0.0373372398316860198974609375, 0, 0, 1, 0, 0, -0.0373372398316860198974609375, 0, 0.999302685260772705078125, 0, -0.16176605224609375, 0, 0, 1, },
			{ 0.9994437694549560546875, 0, 0.03334712982177734375, 0, 0, 1, 0, 0, -0.03334712982177734375, 0, 0.9994437694549560546875, 0, -0.16147308051586151123046875, 0, 0, 1, },
			{ 0.999568760395050048828125, 0, 0.02936520613729953765869140625, 0, 0, 1, 0, 0, -0.02936520613729953765869140625, 0, 0.999568760395050048828125, 0, -0.1611802577972412109375, 0, 0, 1, },
			{ 0.999677181243896484375, 0, 0.025407277047634124755859375, 0, 0, 1, 0, 0, -0.025407277047634124755859375, 0, 0.999677181243896484375, 0, -0.15905182063579559326171875, 0, 0, 1, },
			{ 0.99976909160614013671875, 0, 0.02148830704391002655029296875, 0, 0, 1, 0, 0, -0.02148830704391002655029296875, 0, 0.99976909160614013671875, 0, -0.15692336857318878173828125, 0, 0, 1, },
			{ 0.999844729900360107421875, 0, 0.0176199041306972503662109375, 0, 0, 1, 0, 0, -0.0176199041306972503662109375, 0, 0.999844729900360107421875, 0, -0.15447890758514404296875, 0, 0, 1, },
			{ 0.99990451335906982421875, 0, 0.0138128660619258880615234375, 0, 0, 1, 0, 0, -0.0138128660619258880615234375, 0, 0.99990451335906982421875, 0, -0.15179656445980072021484375, 0, 0, 1, },
			{ 0.9999492168426513671875, 0, 0.010077985934913158416748046875, 0, 0, 1, 0, 0, -0.010077985934913158416748046875, 0, 0.9999492168426513671875, 0, -0.14885161817073822021484375, 0, 0, 1, },
			{ 0.99997937679290771484375, 0, 0.0064260470680892467498779296875, 0, 0, 1, 0, 0, -0.0064260470680892467498779296875, 0, 0.99997937679290771484375, 0, -0.145618736743927001953125, 0, 0, 1, },
			{ 0.999995887279510498046875, 0, 0.0028685010038316249847412109375, 0, 0, 1, 0, 0, -0.0028685010038316249847412109375, 0, 0.999995887279510498046875, 0, -0.14208449423313140869140625, 0, 0, 1, },
			{ 0.9999997615814208984375, 0, -0.0005804584361612796783447265625, 0, 0, 1, 0, 0, 0.0005804584361612796783447265625, 0, 0.9999997615814208984375, 0, -0.13828216493129730224609375, 0, 0, 1, },
			{ 0.99999237060546875, 0, -0.003905971534550189971923828125, 0, 0, 1, 0, 0, 0.003905971534550189971923828125, 0, 0.99999237060546875, 0, -0.13425658643245697021484375, 0, 0, 1, },
			{ 0.99997484683990478515625, 0, -0.00709318928420543670654296875, 0, 0, 1, 0, 0, 0.00709318928420543670654296875, 0, 0.99997484683990478515625, 0, -0.13005279004573822021484375, 0, 0, 1, },
			{ 0.9999487400054931640625, 0, -0.010127269662916660308837890625, 0, 0, 1, 0, 0, 0.010127269662916660308837890625, 0, 0.9999487400054931640625, 0, -0.12571609020233154296875, 0, 0, 1, },
			{ 0.999915599822998046875, 0, -0.012993701733648777008056640625, 0, 0, 1, 0, 0, 0.012993701733648777008056640625, 0, 0.999915599822998046875, 0, -0.121281586587429046630859375, 0, 0, 1, },
			{ 0.999877035617828369140625, 0, -0.01567929796874523162841796875, 0, 0, 1, 0, 0, 0.01567929796874523162841796875, 0, 0.999877035617828369140625, 0, -0.116748504340648651123046875, 0, 0, 1, },
			{ 0.999834835529327392578125, 0, -0.01817119307816028594970703125, 0, 0, 1, 0, 0, 0.01817119307816028594970703125, 0, 0.999834835529327392578125, 0, -0.11210586130619049072265625, 0, 0, 1, },
			{ 0.999790728092193603515625, 0, -0.0204565487802028656005859375, 0, 0, 1, 0, 0, 0.0204565487802028656005859375, 0, 0.999790728092193603515625, 0, -0.10734374821186065673828125, 0, 0, 1, },
			{ 0.999746263027191162109375, 0, -0.02252252958714962005615234375, 0, 0, 1, 0, 0, 0.02252252958714962005615234375, 0, 0.999746263027191162109375, 0, -0.102451018989086151123046875, 0, 0, 1, },
			{ 0.99970328807830810546875, 0, -0.0243574939668178558349609375, 0, 0, 1, 0, 0, 0.0243574939668178558349609375, 0, 0.99970328807830810546875, 0, -0.097425989806652069091796875, 0, 0, 1, },
			{ 0.9996631145477294921875, 0, -0.0259546302258968353271484375, 0, 0, 1, 0, 0, 0.0259546302258968353271484375, 0, 0.9996631145477294921875, 0, -0.0923004150390625, 0, 0, 1, },
			{ 0.999627053737640380859375, 0, -0.02730834484100341796875, 0, 0, 1, 0, 0, 0.02730834484100341796875, 0, 0.999627053737640380859375, 0, -0.087114714086055755615234375, 0, 0, 1, },
			{ 0.99959623813629150390625, 0, -0.02841303683817386627197265625, 0, 0, 1, 0, 0, 0.02841303683817386627197265625, 0, 0.99959623813629150390625, 0, -0.081909485161304473876953125, 0, 0, 1, },
			{ 0.999571740627288818359375, 0, -0.02926307730376720428466796875, 0, 0, 1, 0, 0, 0.02926307730376720428466796875, 0, 0.999571740627288818359375, 0, -0.076725006103515625, 0, 0, 1, },
			{ 0.99955403804779052734375, 0, -0.02986155450344085693359375, 0, 0, 1, 0, 0, 0.02986155450344085693359375, 0, 0.99955403804779052734375, 0, -0.071594692766666412353515625, 0, 0, 1, },
			{ 0.999542415142059326171875, 0, -0.0302462168037891387939453125, 0, 0, 1, 0, 0, 0.0302462168037891387939453125, 0, 0.999542415142059326171875, 0, -0.066522829234600067138671875, 0, 0, 1, },
			{ 0.9995357990264892578125, 0, -0.0304635055363178253173828125, 0, 0, 1, 0, 0, 0.0304635055363178253173828125, 0, 0.9995357990264892578125, 0, -0.0615069568157196044921875, 0, 0, 1, },
			{ 0.9995329380035400390625, 0, -0.0305598191916942596435546875, 0, 0, 1, 0, 0, 0.0305598191916942596435546875, 0, 0.9995329380035400390625, 0, -0.0565444938838481903076171875, 0, 0, 1, },
			{ 0.999532282352447509765625, 0, -0.03058160655200481414794921875, 0, 0, 1, 0, 0, 0.03058160655200481414794921875, 0, 0.999532282352447509765625, 0, -0.05163268744945526123046875, 0, 0, 1, },
			{ 0.999540805816650390625, 0, -0.03029956109821796417236328125, 0, 0, 1, 0, 0, 0.03029956109821796417236328125, 0, 0.999540805816650390625, 0, -0.046777188777923583984375, 0, 0, 1, },
			{ 0.999563634395599365234375, 0, -0.02953792922198772430419921875, 0, 0, 1, 0, 0, 0.02953792922198772430419921875, 0, 0.999563634395599365234375, 0, -0.042015381157398223876953125, 0, 0, 1, },
			{ 0.99959599971771240234375, 0, -0.02842348255217075347900390625, 0, 0, 1, 0, 0, 0.02842348255217075347900390625, 0, 0.99959599971771240234375, 0, -0.0373934917151927947998046875, 0, 0, 1, },
			{ 0.999633133411407470703125, 0, -0.02708299458026885986328125, 0, 0, 1, 0, 0, 0.02708299458026885986328125, 0, 0.999633133411407470703125, 0, -0.032956846058368682861328125, 0, 0, 1, },
			{ 0.99967110157012939453125, 0, -0.025643251836299896240234375, 0, 0, 1, 0, 0, 0.025643251836299896240234375, 0, 0.99967110157012939453125, 0, -0.0287515260279178619384765625, 0, 0, 1, },
			{ 0.999707520008087158203125, 0, -0.024180926382541656494140625, 0, 0, 1, 0, 0, 0.024180926382541656494140625, 0, 0.999707520008087158203125, 0, -0.02480758540332317352294921875, 0, 0, 1, },
			{ 0.999745190143585205078125, 0, -0.02257215976715087890625, 0, 0, 1, 0, 0, 0.02257215976715087890625, 0, 0.999745190143585205078125, 0, -0.02109207026660442352294921875, 0, 0, 1, },
			{ 0.999786913394927978515625, 0, -0.02064293436706066131591796875, 0, 0, 1, 0, 0, 0.02064293436706066131591796875, 0, 0.999786913394927978515625, 0, -0.01755691505968570709228515625, 0, 0, 1, },
			{ 0.999834001064300537109375, 0, -0.0182192139327526092529296875, 0, 0, 1, 0, 0, 0.0182192139327526092529296875, 0, 0.999834001064300537109375, 0, -0.01415374688804149627685546875, 0, 0, 1, },
			{ 0.999885499477386474609375, 0, -0.01512691564857959747314453125, 0, 0, 1, 0, 0, 0.01512691564857959747314453125, 0, 0.999885499477386474609375, 0, -0.0108338929712772369384765625, 0, 0, 1, },
			{ 0.999935805797576904296875, 0, -0.01132358051836490631103515625, 0, 0, 1, 0, 0, 0.01132358051836490631103515625, 0, 0.999935805797576904296875, 0, -0.007598876953125, 0, 0, 1, },
			{ 0.99997341632843017578125, 0, -0.0072933393530547618865966796875, 0, 0, 1, 0, 0, 0.0072933393530547618865966796875, 0, 0.99997341632843017578125, 0, -0.0046485899947583675384521484375, 0, 0, 1, },
			{ 0.999993264675140380859375, 0, -0.0036520645953714847564697265625, 0, 0, 1, 0, 0, 0.0036520645953714847564697265625, 0, 0.999993264675140380859375, 0, -0.00262420647777616977691650390625, 0, 0, 1, },
			{ 0.99999940395355224609375, 0, -0.0010156580246984958648681640625, 0, 0, 1, 0, 0, 0.0010156580246984958648681640625, 0, 0.99999940395355224609375, 0, -0.000599822960793972015380859375, 0, 0, 1, },
			{ 1, 0, 0, 0, 0, 1, 0, 0, 0, 0, 1, 0, 0, 0, 0, 1, },
		},
	}
end