function data()
return { 
		times = { 0, 41.667000000000001591615728102624416351318359375, 83.332999999999998408384271897375583648681640625, 125, 166.667000000000001591615728102624416351318359375, 208.332999999999998408384271897375583648681640625, 250, 291.66699999999997316990629769861698150634765625, 333.33300000000002683009370230138301849365234375, 375, 416.66699999999997316990629769861698150634765625, 458.33300000000002683009370230138301849365234375, 500, 541.6670000000000300133251585066318511962890625, 583.3329999999999699866748414933681488037109375, 625, 666.6670000000000300133251585066318511962890625, 708.3329999999999699866748414933681488037109375, 750, 791.6670000000000300133251585066318511962890625, 833.3329999999999699866748414933681488037109375, 875, 916.6670000000000300133251585066318511962890625, 958.3329999999999699866748414933681488037109375, 1000, 1041.66699999999991632648743689060211181640625, 1083.33300000000008367351256310939788818359375, 1125, 1166.66699999999991632648743689060211181640625, 1208.33300000000008367351256310939788818359375, 1250, 1291.66699999999991632648743689060211181640625, 1333.33300000000008367351256310939788818359375, 1375, 1416.66699999999991632648743689060211181640625, 1458.33300000000008367351256310939788818359375, 1500, 1541.66699999999991632648743689060211181640625, 1583.33300000000008367351256310939788818359375, 1625, 1666.66699999999991632648743689060211181640625, 1708.33300000000008367351256310939788818359375, 1750, 1791.66699999999991632648743689060211181640625, 1833.33300000000008367351256310939788818359375, 1875, 1916.66699999999991632648743689060211181640625, 1958.33300000000008367351256310939788818359375, 2000, 2041.66699999999991632648743689060211181640625, 2083.33300000000008367351256310939788818359375, 2125, 2166.66699999999991632648743689060211181640625, 2208.33300000000008367351256310939788818359375, 2250, 2291.66699999999991632648743689060211181640625, 2333.33300000000008367351256310939788818359375, 2375, 2416.66699999999991632648743689060211181640625, 2458.33300000000008367351256310939788818359375, 2500, 2541.66699999999991632648743689060211181640625, 2583.33300000000008367351256310939788818359375, 2625, 2666.66699999999991632648743689060211181640625, 2708.33300000000008367351256310939788818359375, 2750, 2791.66699999999991632648743689060211181640625, 2833.33300000000008367351256310939788818359375, 2875, 2916.66699999999991632648743689060211181640625, 2958.33300000000008367351256310939788818359375, 3000, 3041.66699999999991632648743689060211181640625, 3083.33300000000008367351256310939788818359375, 3125, 3166.66699999999991632648743689060211181640625, 3208.33300000000008367351256310939788818359375, 3250, 3291.66699999999991632648743689060211181640625, 3333.33300000000008367351256310939788818359375, 3375, 3416.66699999999991632648743689060211181640625, 3458.33300000000008367351256310939788818359375, 3500, 3541.66699999999991632648743689060211181640625, 3583.33300000000008367351256310939788818359375, 3625, 3666.66699999999991632648743689060211181640625, 3708.33300000000008367351256310939788818359375, 3750, 3791.66699999999991632648743689060211181640625, 3833.33300000000008367351256310939788818359375, 3875, 3916.66699999999991632648743689060211181640625, 3958.33300000000008367351256310939788818359375, 4000, 4041.66699999999991632648743689060211181640625, 4083.33300000000008367351256310939788818359375, 4125, 4166.6670000000003710738383233547210693359375, },
		transfs = {
			{ 0.99999988079071044921875, 0, -0.0000000000000000001650249103485901110914112893679472904295835178, 0, 0.0000000000000002220446049250313080847263336181640625, 1, 0, 0, -0.0000000000000000001650249361979842533735261290994689176159226918, 0, 0.99999988079071044921875, 0, 0, 0.0000000762939436071974341757595539093017578125, 0, 1, },
			{ 0.999999582767486572265625, -0.0000000000000508482145278321695514023303985595703125, -0.00070177018642425537109375, 0, 0.0000000000000521804787692505683827093321269785519689321517944336, 1, 0.000000000001574067265419643035784247331321239471435546875, 0, 0.00070177018642425537109375, -0.000000000001574095020995258664697757922112941741943359375, 0.999999582767486572265625, 0, -0.001183624262921512126922607421875, 0.0000000762939436071974341757595539093017578125, 0.0000777435270720161497592926025390625, 1, },
			{ 0.999996602535247802734375, -0.0000000000001814104422237505787052214145660400390625, -0.002566516399383544921875, 0, 0.0000000000001960653861488026450388133525848388671875, 1, 0.0000000000057565063826814366620965301990509033203125, 0, 0.002566516399383544921875, -0.00000000000575696434967909453916945494711399078369140625, 0.999996602535247802734375, 0, -0.0023674010299146175384521484375, 0.0000000762939436071974341757595539093017578125, 0.000155487054144032299518585205078125, 1, },
			{ 0.999986171722412109375, -0.00000000000035438318946034996770322322845458984375, -0.0052333511412143707275390625, 0, 0.0000000000004156674733146042965969968463468831032514572143554688, 1, 0.000000000011737450421323014637664527981542050838470458984375, 0, 0.0052333511412143707275390625, -0.000000000011739449690129077907840837724506855010986328125, 0.999986171722412109375, 0, -0.0035510254092514514923095703125, 0.0000000762939436071974341757595539093017578125, 0.000233154292800463736057281494140625, 1, },
			{ 0.999965131282806396484375, -0.00000000000053557158707917551510035991668701171875, -0.008341364562511444091796875, 0, 0.0000000000006916689443414725246839225292205810546875, 1, 0.000000000018707209392676560355539550073444843292236328125, 0, 0.008341364562511444091796875, -0.000000000018712302540802028261168743483722209930419921875, 0.999965131282806396484375, 0, -0.0044471737928688526153564453125, 0.0000000762939436071974341757595539093017578125, 0.00029205321334302425384521484375, 1, },
			{ 0.9999334812164306640625, -0.0000000000006992184609089235891588032245635986328125, -0.0115296654403209686279296875, 0, 0.0000000000009972023207183156046085059642791748046875, 1, 0.00000000002585624596374014316779721411876380443572998046875, 0, 0.0115296654403209686279296875, -0.00000000002586600898746294063812456442974507808685302734375, 0.9999334812164306640625, 0, -0.005343322642147541046142578125, 0.0000000762939436071974341757595539093017578125, 0.0003508758381940424442291259765625, 1, },
			{ 0.999894559383392333984375, -0.0000000000008311129562343921861611306667327880859375, -0.0145105905830860137939453125, 0, 0.000000000001303845811699566592523069630260579288005828857421875, 1, 0.000000000032539644589935079466158640570938587188720703125, 0, 0.0145105905830860137939453125, -0.000000000032555104445552984770984039641916751861572265625, 0.999894559383392333984375, 0, -0.0062394714914262294769287109375, 0.0000000762939436071974341757595539093017578125, 0.000409698463045060634613037109375, 1, },
			{ 0.99985039234161376953125, -0.0000000000009368061881787070888094604015350341796875, -0.01728930138051509857177734375, 0, 0.0000000000016073808950523016392253339290618896484375, 1, 0.000000000038769064347743409371105371974408626556396484375, 0, 0.01728930138051509857177734375, -0.0000000000387910363552901316097631934098899364471435546875, 0.99985039234161376953125, 0, -0.0057717892341315746307373046875, 0.0000000762939436071974341757595539093017578125, 0.0003790283226408064365386962890625, 1, },
			{ 0.99980103969573974609375, -0.0000000000010211831380502189858816564083099365234375, -0.0199443064630031585693359375, 0, 0.00000000000191380223300841034728136946796439588069915771484375, 1, 0.000000000044720595282488062593984068371355533599853515625, 0, 0.0199443064630031585693359375, -0.000000000044749849659186935468824231065809726715087890625, 0.99980103969573974609375, 0, -0.0053039551712572574615478515625, 0.0000000762939436071974341757595539093017578125, 0.00034828184288926422595977783203125, 1, },
			{ 0.999745428562164306640625, -0.0000000000010886846979474285035394132137298583984375, -0.022553920745849609375, 0, 0.000000000002229771922657164395786821842193603515625, 1, 0.000000000050569916310028162342860014177858829498291015625, 0, 0.022553920745849609375, -0.000000000050607316948170222303815535269677639007568359375, 0.999745428562164306640625, 0, -0.004836120642721652984619140625, 0.0000000762939436071974341757595539093017578125, 0.00031753539224155247211456298828125, 1, },
			{ 0.99968230724334716796875, -0.0000000000011415313139195859548635780811309814453125, -0.0251966007053852081298828125, 0, 0.00000000000256594745451366179622709751129150390625, 1, 0.0000000000564928138990783423878383473493158817291259765625, 0, 0.0251966007053852081298828125, -0.0000000000565395230633924938956624828279018402099609375, 0.99968230724334716796875, 0, -0.0043682861141860485076904296875, 0.0000000762939436071974341757595539093017578125, 0.0002868652227334678173065185546875, 1, },
			{ 0.999609649181365966796875, -0.000000000001179722877546474091303707609768025577068328857421875, -0.027933903038501739501953125, 0, 0.0000000000029303226511956381727941334247589111328125, 1, 0.000000000062627271424364749918822781182825565338134765625, 0, 0.027933903038501739501953125, -0.0000000000626846630158439666047343052923679351806640625, 0.999609649181365966796875, 0, -0.00390060408972203731536865234375, 0.0000000762939436071974341757595539093017578125, 0.0002561187720857560634613037109375, 1, },
			{ 0.999526679515838623046875, -0.00000000000120170540185426943935453891754150390625, -0.030760191380977630615234375, 0, 0.00000000000332445182493756874464452266693115234375, 1, 0.000000000068960524790551147589212632738053798675537109375, 0, 0.030760191380977630615234375, -0.000000000069030149651982952718753949739038944244384765625, 0.999526679515838623046875, 0, -0.00343292229808866977691650390625, 0.0000000762939436071974341757595539093017578125, 0.00022544860257767140865325927734375, 1, },
			{ 0.999433457851409912109375, -0.000000000001205480051717777723041535864467732608318328857421875, -0.0336530543863773345947265625, 0, 0.0000000000037463365742951282300055027008056640625, 1, 0.000000000075442395386371430276994942687451839447021484375, 0, 0.0336530543863773345947265625, -0.0000000000755257245632634521825821138918399810791015625, 0.999433457851409912109375, 0, -0.002964935265481472015380859375, 0.0000000762939436071974341757595539093017578125, 0.000194702137378044426441192626953125, 1, },
			{ 0.9993302822113037109375, -0.0000000000011899370377932427800260484218597412109375, -0.0365900695323944091796875, 0, 0.0000000000041942005424289163784123957157135009765625, 1, 0.000000000082022548475446654947518254630267620086669921875, 0, 0.0365900695323944091796875, -0.000000000082121066891094329776024096645414829254150390625, 0.9993302822113037109375, 0, -0.0024972534738481044769287109375, 0.0000000762939436071974341757595539093017578125, 0.000163955686730332672595977783203125, 1, },
			{ 0.999217569828033447265625, -0.0000000000011548539902150878333486616611480712890625, -0.039548806846141815185546875, 0, 0.000000000004664713060265057720243930816650390625, 1, 0.000000000088650718710336917638414888642728328704833984375, 0, 0.039548806846141815185546875, -0.000000000088765834960202738557200063951313495635986328125, 0.999217569828033447265625, 0, -0.00202957144938409328460693359375, 0.0000000762939436071974341757595539093017578125, 0.000133285517222248017787933349609375, 1, },
			{ 0.99909603595733642578125, -0.000000000001100008864378387851701290855999104678630828857421875, -0.0425068698823451995849609375, 0, 0.000000000005154543458729676785878837108612060546875, 1, 0.000000000095276724010329161274057696573436260223388671875, 0, 0.0425068698823451995849609375, -0.000000000095409714850891447213143692351877689361572265625, 0.99909603595733642578125, 0, -0.00008270263788290321826934814453125, 0.0000000762939436071974341757595539093017578125, 0.00000541686995347845368087291717529296875, 1, },
			{ 0.998966872692108154296875, -0.0000000000010260681193585696746595203876495361328125, -0.0454418621957302093505859375, 0, 0.00000000000566036106874889810569584369659423828125, 1, 0.000000000101850437805861560036646551452577114105224609375, 0, 0.0454418621957302093505859375, -0.0000000001020024342768266478742589242756366729736328125, 0.998966872692108154296875, 0, 0.00186416623182594776153564453125, 0.0000000762939436071974341757595539093017578125, -0.00012245177640579640865325927734375, 1, },
			{ 0.998831272125244140625, -0.0000000000009345857421294567757286131381988525390625, -0.0483313910663127899169921875, 0, 0.0000000000061772804753335019967153129982762038707733154296875, 1, 0.00000000010832168495511496075778268277645111083984375, 0, 0.0483313910663127899169921875, -0.000000000108493637684947685784209170378744602203369140625, 0.998831272125244140625, 0, 0.0042306515388190746307373046875, 0.0000000762939436071974341757595539093017578125, -0.000277862534858286380767822265625, 1, },
			{ 0.99869072437286376953125, -0.0000000000008268940545307079670322991660214029252529144287109375, -0.0511530898511409759521484375, 0, 0.0000000000067001959536128197214566171169281005859375, 1, 0.000000000114640456849723904042548383586108684539794921875, 0, 0.0511530898511409759521484375, -0.000000000114833087483390272609540261328220367431640625, 0.99869072437286376953125, 0, 0.00659713707864284515380859375, 0.0000000762939436071974341757595539093017578125, -0.00043327329331077635288238525390625, 1, },
			{ 0.998547017574310302734375, -0.0000000000007054356556367158415099538615322671830654144287109375, -0.0538846068084239959716796875, 0, 0.0000000000072231105645303994577943740296177566051483154296875, 1, 0.0000000001207567101868534109598840586841106414794921875, 0, 0.0538846068084239959716796875, -0.00000000012097046975245717703728587366640567779541015625, 0.998547017574310302734375, 0, 0.00920623727142810821533203125, 0.0000000762939436071974341757595539093017578125, -0.0006046295166015625, 1, },
			{ 0.998402118682861328125, -0.000000000000573319169916430837474763393402099609375, -0.0565063543617725372314453125, 0, 0.0000000000077411410615013664937578141689300537109375, 1, 0.000000000126626653607075922991498373448848724365234375, 0, 0.0565063543617725372314453125, -0.00000000012686174333254029988893307745456695556640625, 0.998402118682861328125, 0, 0.011942596174776554107666015625, 0.0000000762939436071974341757595539093017578125, -0.0007843017228879034519195556640625, 1, },
			{ 0.99825727939605712890625, -0.0000000000004327649349988860194571316242218017578125, -0.059009797871112823486328125, 0, 0.00000000000825028934059446328319609165191650390625, 1, 0.00000000013223122596883740698103792965412139892578125, 0, 0.059009797871112823486328125, -0.000000000132487631976374586884048767387866973876953125, 0.99825727939605712890625, 0, 0.01479843072593212127685546875, 0.0000000762939436071974341757595539093017578125, -0.0009718322544358670711517333984375, 1, },
			{ 0.99811375141143798828125, -0.0000000000002859934511434403248131275177001953125, -0.061389140784740447998046875, 0, 0.0000000000087470031218117583193816244602203369140625, 1, 0.000000000137557520929476595483720302581787109375, 0, 0.061389140784740447998046875, -0.0000000001378350489300572689899126999080181121826171875, 0.99811375141143798828125, 0, 0.01776885986328125, 0.0000000762939436071974341757595539093017578125, -0.001166915870271623134613037109375, 1, },
			{ 0.99797284603118896484375, -0.000000000000135447209004269097931683063507080078125, -0.06363858282566070556640625, 0, 0.000000000009228617869894151226617395877838134765625, 1, 0.0000000001425926876574834523125900886952877044677734375, 0, 0.06363858282566070556640625, -0.0000000001428909490730490006171748973429203033447265625, 0.99797284603118896484375, 0, 0.0208500660955905914306640625, 0.0000000762939436071974341757595539093017578125, -0.00136924744583666324615478515625, 1, },
			{ 0.9978358745574951171875, 0.000000000000016431300764452316798269748687744140625, -0.06575237214565277099609375, 0, 0.000000000009691358826557916472665965557098388671875, 1, 0.0000000001473238475657723256517783738672733306884765625, 0, 0.06575237214565277099609375, -0.00000000014764227340702262836202862672507762908935546875, 0.9978358745574951171875, 0, 0.02403793297708034515380859375, 0.0000000762939436071974341757595539093017578125, -0.001578597933985292911529541015625, 1, },
			{ 0.99770390987396240234375, 0.000000000000167421632113473606295883655548095703125, -0.067724727094173431396484375, 0, 0.0000000000101325614565439536818303167819976806640625, 1, 0.0000000001517381498228331793143297545611858367919921875, 0, 0.067724727094173431396484375, -0.0000000001520759906892266144495806656777858734130859375, 0.99770390987396240234375, 0, 0.0273280330002307891845703125, 0.0000000762939436071974341757595539093017578125, -0.001794662442989647388458251953125, 1, },
			{ 0.9975783824920654296875, 0.0000000000003146372051787693635560572147369384765625, -0.069549880921840667724609375, 0, 0.000000000010548672178811724364777546725235879421234130859375, 1, 0.00000000015582270196379255366991856135427951812744140625, 0, 0.069549880921840667724609375, -0.0000000001561790419213338054760242812335491180419921875, 0.9975783824920654296875, 0, 0.03071624599397182464599609375, 0.0000000762939436071974341757595539093017578125, -0.00201721186749637126922607421875, 1, },
			{ 0.997460424900054931640625, 0.000000000000456079618516014306806027889251708984375, -0.07122205197811126708984375, 0, 0.00000000001093614088176764198578894138336181640625, 1, 0.000000000159564750301655067232786677777767181396484375, 0, 0.07122205197811126708984375, -0.0000000001599384236161682792953797616064548492431640625, 0.997460424900054931640625, 0, 0.034198760986328125, 0.0000000762939436071974341757595539093017578125, -0.002245941199362277984619140625, 1, },
			{ 0.997351109981536865234375, 0.0000000000005899725152858081855811178684234619140625, -0.072735480964183807373046875, 0, 0.000000000011292521605310579246861379942856729030609130859375, 1, 0.0000000001629513468603960291147814132273197174072265625, 0, 0.072735480964183807373046875, -0.0000000001633411184087663059472106397151947021484375, 0.997351109981536865234375, 0, 0.0377711467444896697998046875, 0.0000000762939436071974341757595539093017578125, -0.002480468712747097015380859375, 1, },
			{ 0.997251808643341064453125, 0.00000000000071320727101920056156814098358154296875, -0.074084408581256866455078125, 0, 0.00000000001161470919441853766329586505889892578125, 1, 0.00000000016596969631965663438677438534796237945556640625, 0, 0.074084408581256866455078125, -0.000000000166374081178588539842166937887668609619140625, 0.997251808643341064453125, 0, 0.0414288304746150970458984375, 0.0000000762939436071974341757595539093017578125, -0.002720718272030353546142578125, 1, },
			{ 0.997163474559783935546875, 0.0000000000008248956530863826852595366290188394486904144287109375, -0.07526548206806182861328125, 0, 0.0000000000118998144671422778628766536712646484375, 1, 0.0000000001686123740629597023144015111029148101806640625, 0, 0.07526548206806182861328125, -0.000000000169029734653491914286860264837741851806640625, 0.997163474559783935546875, 0, 0.045165710151195526123046875, 0.0000000762939436071974341757595539093017578125, -0.00296615599654614925384521484375, 1, },
			{ 0.997085869312286376953125, 0.0000000000009234835118832052103243768215179443359375, -0.076285064220428466796875, 0, 0.0000000000121487264692632379592396318912506103515625, 1, 0.00000000017089353543386920364355319179594516754150390625, 0, 0.076285064220428466796875, -0.000000000171322345199342862542835064232349395751953125, 0.997085869312286376953125, 0, 0.0489643849432468414306640625, 0.0000000762939436071974341757595539093017578125, -0.00321556092239916324615478515625, 1, },
			{ 0.99701917171478271484375, 0.000000000001009414773989192326553165912628173828125, -0.07715190947055816650390625, 0, 0.0000000000123618892899912680150009691715240478515625, 1, 0.0000000001728329979133746974184759892523288726806640625, 0, 0.07715190947055816650390625, -0.0000000001732715915192528655097703449428081512451171875, 0.99701917171478271484375, 0, 0.0528054796159267425537109375, 0.0000000762939436071974341757595539093017578125, -0.0034678648225963115692138671875, 1, },
			{ 0.996963024139404296875, 0.0000000000010824674490095276269130408763885498046875, -0.07787477970123291015625, 0, 0.00000000001254107928616576828062534332275390625, 1, 0.0000000001744503153044973942087381146848201751708984375, 0, 0.07787477970123291015625, -0.000000000174897152316333404087345115840435028076171875, 0.996963024139404296875, 0, 0.0566694624722003936767578125, 0.0000000762939436071974341757595539093017578125, -0.0037216185592114925384521484375, 1, },
			{ 0.9969170093536376953125, 0.000000000001142419383919068831545473585720174014568328857421875, -0.078462459146976470947265625, 0, 0.000000000012687849902659475986865800223313271999359130859375, 1, 0.00000000017576506916583412021282128989696502685546875, 0, 0.078462459146976470947265625, -0.00000000017621870629369595917523838579654693603515625, 0.9969170093536376953125, 0, 0.060536801815032958984375, 0.0000000762939436071974341757595539093017578125, -0.0039755250327289104461669921875, 1, },
			{ 0.99688053131103515625, 0.000000000001190159082398167811334133148193359375, -0.078923679888248443603515625, 0, 0.0000000000128033139645822302554734051227569580078125, 1, 0.0000000001767968826893451250725775025784969329833984375, 0, 0.078923679888248443603515625, -0.00000000017725589052108858822975889779627323150634765625, 0.99688053131103515625, 0, 0.064387969672679901123046875, 0.0000000762939436071974341757595539093017578125, -0.0042284391820430755615234375, 1, },
			{ 0.99685323238372802734375, 0.0000000000012259082637910978519357740879058837890625, -0.07926718890666961669921875, 0, 0.0000000000128899113605029924656264483928680419921875, 1, 0.0000000001775653790669906584298587404191493988037109375, 0, 0.07926718890666961669921875, -0.0000000001780283975794105799650424160063266754150390625, 0.99685323238372802734375, 0, 0.06820358335971832275390625, 0.0000000762939436071974341757595539093017578125, -0.0044790650717914104461669921875, 1, },
			{ 0.996834576129913330078125, 0.0000000000012505552149377763271331787109375, -0.079501725733280181884765625, 0, 0.000000000012949197270017975824885070323944091796875, 1, 0.00000000017809009822400412303977645933628082275390625, 0, 0.079501725733280181884765625, -0.00000000017855585066062218402294092811644077301025390625, 0.996834576129913330078125, 0, 0.071963958442211151123046875, 0.0000000762939436071974341757595539093017578125, -0.0047260285355150699615478515625, 1, },
			{ 0.99682390689849853515625, 0.0000000000012647660696529783308506011962890625, -0.07963605225086212158203125, 0, 0.0000000000129827260053616555524058640003204345703125, 1, 0.0000000001783906078411945372863556258380413055419921875, 0, 0.07963605225086212158203125, -0.00000000017885794234562268911759019829332828521728515625, 0.99682390689849853515625, 0, 0.075649715960025787353515625, 0.0000000762939436071974341757595539093017578125, -0.0049680327065289020538330078125, 1, },
			{ 0.9968204498291015625, 0.00000000000126920696175147895701229572296142578125, -0.079678885638713836669921875, 0, 0.000000000012993606191002982086502015590667724609375, 1, 0.0000000001784864200882196882957941852509975433349609375, 0, 0.079678885638713836669921875, -0.000000000178954240315221113633015193045139312744140625, 0.9968204498291015625, 0, 0.07924102246761322021484375, 0.0000000762939436071974341757595539093017578125, -0.005203857086598873138427734375, 1, },
			{ 0.996833384037017822265625, 0.0000000000012521095271722515462897717952728271484375, -0.079517386853694915771484375, 0, 0.000000000012952971160939963368718963465653359889984130859375, 1, 0.000000000178125125760431046728626824915409088134765625, 0, 0.079517386853694915771484375, -0.00000000017859104473050280148527235724031925201416015625, 0.996833384037017822265625, 0, 0.082720182836055755615234375, 0.0000000762939436071974341757595539093017578125, -0.0054323575459420680999755859375, 1, },
			{ 0.99687063694000244140625, 0.0000000000012032597140887446585111320018768310546875, -0.079049102962017059326171875, 0, 0.000000000012834843431119846712817889056168496608734130859375, 1, 0.00000000017707747768103132557371282018721103668212890625, 0, 0.079049102962017059326171875, -0.0000000001775379565582824170633102767169475555419921875, 0.99687063694000244140625, 0, 0.08607544004917144775390625, 0.0000000762939436071974341757595539093017578125, -0.0056526944972574710845947265625, 1, },
			{ 0.99692976474761962890625, 0.0000000000011255441023649837006814777851104736328125, -0.078298367559909820556640625, 0, 0.00000000001264677251811008318327367305755615234375, 1, 0.0000000001753979461671661965738167054951190948486328125, 0, 0.078298367559909820556640625, -0.00000000017584968203809836495565832592546939849853515625, 0.99692976474761962890625, 0, 0.089295499026775360107421875, 0.0000000762939436071974341757595539093017578125, -0.005864181555807590484619140625, 1, },
			{ 0.9970085620880126953125, 0.0000000000010231815394945442676544189453125, -0.077289484441280364990234375, 0, 0.000000000012395862114544797805137932300567626953125, 1, 0.00000000017314079336916421425485168583691120147705078125, 0, 0.077289484441280364990234375, -0.00000000017358096904285247319421614520251750946044921875, 0.9970085620880126953125, 0, 0.09237106144428253173828125, 0.0000000762939436071974341757595539093017578125, -0.006066131405532360076904296875, 1, },
			{ 0.997104108333587646484375, 0.000000000000900168828366076922975480556488037109375, -0.076046757400035858154296875, 0, 0.000000000012090328738167954725213348865509033203125, 1, 0.0000000001703603647040807800294714979827404022216796875, 0, 0.076046757400035858154296875, -0.000000000170786496056507530738599598407745361328125, 0.997104108333587646484375, 0, 0.09529067575931549072265625, 0.0000000762939436071974341757595539093017578125, -0.00625793449580669403076171875, 1, },
			{ 0.99721372127532958984375, 0.00000000000076116890568300732411444187164306640625, -0.07459448277950286865234375, 0, 0.000000000011737276948975416956955086789093911647796630859375, 1, 0.0000000001671110194667591031247866339981555938720703125, 0, 0.07459448277950286865234375, -0.0000000001675209693186019421773380599915981292724609375, 0.99721372127532958984375, 0, 0.097956083714962005615234375, 0.0000000762939436071974341757595539093017578125, -0.0064329528249800205230712890625, 1, },
			{ 0.997334897518157958984375, 0.0000000000006099565297290610033087432384490966796875, -0.072956971824169158935546875, 0, 0.000000000011345147044039549655281007289886474609375, 1, 0.0000000001634469504185886989944265224039554595947265625, 0, 0.072956971824169158935546875, -0.0000000001638390811908863042845041491091251373291015625, 0.997334897518157958984375, 0, 0.100621335208415985107421875, 0.0000000762939436071974341757595539093017578125, -0.006607971154153347015380859375, 1, },
			{ 0.9974648952484130859375, 0.0000000000004507505208927592432743836070585530251264572143554688, -0.071158520877361297607421875, 0, 0.000000000010921263025875926899743717513047158718109130859375, 1, 0.00000000015942258624335181593778543174266815185546875, 0, 0.071158520877361297607421875, -0.0000000001597955934240502529064542613923549652099609375, 0.9974648952484130859375, 0, 0.10291290283203125, 0.0000000762939436071974341757595539093017578125, -0.006758422590792179107666015625, 1, },
			{ 0.997600972652435302734375, 0.0000000000002875477633779155439697206020355224609375, -0.06922344863414764404296875, 0, 0.0000000000104736219697088017710484564304351806640625, 1, 0.000000000155092216846952624109690077602863311767578125, 0, 0.06922344863414764404296875, -0.00000000015544519837984438481726101599633693695068359375, 0.997600972652435302734375, 0, 0.10520446300506591796875, 0.0000000762939436071974341757595539093017578125, -0.0069089508615434169769287109375, 1, },
			{ 0.997741043567657470703125, 0.000000000000124344978758017532527446746826171875, -0.06717608869075775146484375, 0, 0.000000000010008881744238973254823577008210122585296630859375, 1, 0.00000000015051028479096117962399148382246494293212890625, 0, 0.06717608869075775146484375, -0.0000000001508426439311705280488240532577037811279296875, 0.997741043567657470703125, 0, 0.107081450521945953369140625, 0.0000000762939436071974341757595539093017578125, -0.0070322416722774505615234375, 1, },
			{ 0.99788272380828857421875, -0.0000000000000361932706027801032178103923797607421875, -0.06503729522228240966796875, 0, 0.0000000000095339292016660692752338945865631103515625, 1, 0.000000000145723377809048315612017177045345306396484375, 0, 0.06503729522228240966796875, -0.00000000014603489251197032672280329279601573944091796875, 0.99788272380828857421875, 0, 0.10895858705043792724609375, 0.0000000762939436071974341757595539093017578125, -0.007155456580221652984619140625, 1, },
			{ 0.9980251789093017578125, -0.0000000000001920685697076249254244828534865519031882286071777344, -0.062814004719257354736328125, 0, 0.0000000000090507601413492011488415300846099853515625, 1, 0.0000000001407469973901953608219628222286701202392578125, 0, 0.062814004719257354736328125, -0.000000000141037570511315379917505197227001190185546875, 0.9980251789093017578125, 0, 0.11041259765625, 0.0000000762939436071974341757595539093017578125, -0.0072509762831032276153564453125, 1, },
			{ 0.998167514801025390625, -0.0000000000003417266469796231831423938274383544921875, -0.06050968170166015625, 0, 0.00000000000856203996590920723974704742431640625, 1, 0.00000000013558883182884784446287085302174091339111328125, 0, 0.06050968170166015625, -0.00000000013585847724595367935762624256312847137451171875, 0.998167514801025390625, 0, 0.11186675727367401123046875, 0.0000000762939436071974341757595539093017578125, -0.0073464964516460895538330078125, 1, },
			{ 0.998309075832366943359375, -0.0000000000004838351941316432203166186809539794921875, -0.05812777578830718994140625, 0, 0.00000000000806910094297563773579895496368408203125, 1, 0.000000000130256638808390334816067479550838470458984375, 0, 0.05812777578830718994140625, -0.000000000130505439788208832396776415407657623291015625, 0.998309075832366943359375, 0, 0.112732999026775360107421875, 0.0000000762939436071974341757595539093017578125, -0.007403335534036159515380859375, 1, },
			{ 0.998449027538299560546875, -0.0000000000006170619570866620051674544811248779296875, -0.055671751499176025390625, 0, 0.0000000000075746076078075930126942694187164306640625, 1, 0.0000000001247580649899049376472248695790767669677734375, 0, 0.055671751499176025390625, -0.00000000012498625745482883075965219177305698394775390625, 0.998449027538299560546875, 0, 0.1135993897914886474609375, 0.0000000762939436071974341757595539093017578125, -0.007460250519216060638427734375, 1, },
			{ 0.998586714267730712890625, -0.000000000000740296712820054381154477596282958984375, -0.0531450770795345306396484375, 0, 0.0000000000070801138389586792953878102707676589488983154296875, 1, 0.00000000011910084030120060560875572264194488525390625, 0, 0.0531450770795345306396484375, -0.0000000001193087850737128974287770688533782958984375, 0.998586714267730712890625, 0, 0.11446578800678253173828125, 0.0000000762939436071974341757595539093017578125, -0.0075171659700572490692138671875, 1, },
			{ 0.9987213611602783203125, -0.000000000000851319015282570035196840763092041015625, -0.050551228225231170654296875, 0, 0.000000000006587175249705978785641491413116455078125, 1, 0.000000000113292729364555810889214626513421535491943359375, 0, 0.050551228225231170654296875, -0.00000000011348084971718463975776103325188159942626953125, 0.9987213611602783203125, 0, 0.115332178771495819091796875, 0.0000000762939436071974341757595539093017578125, -0.0075740814208984375, 1, },
			{ 0.998852312564849853515625, -0.0000000000009496847752643589046783745288848876953125, -0.047893680632114410400390625, 0, 0.000000000006097788940451209782622754573822021484375, 1, 0.000000000107341448229991698326557525433599948883056640625, 0, 0.047893680632114410400390625, -0.000000000107510299274249376821899204514920711517333984375, 0.998852312564849853515625, 0, 0.11487410962581634521484375, 0.0000000762939436071974341757595539093017578125, -0.0075439452193677425384521484375, 1, },
			{ 0.9989788532257080078125, -0.0000000000010336176359260207391344010829925537109375, -0.04517589509487152099609375, 0, 0.0000000000056139537463195665623061358928680419921875, 1, 0.00000000010125476845868064401656738482415676116943359375, 0, 0.04517589509487152099609375, -0.00000000010140498163391242769648670218884944915771484375, 0.9989788532257080078125, 0, 0.114416040480136871337890625, 0.0000000762939436071974341757595539093017578125, -0.007513885386288166046142578125, 1, },
			{ 0.999100506305694580078125, -0.00000000000110222941884785541333258152008056640625, -0.042401365935802459716796875, 0, 0.000000000005136779890335674281232059001922607421875, 1, 0.000000000095040426917325504518885281868278980255126953125, 0, 0.042401365935802459716796875, -0.000000000095172751624073015364047023467719554901123046875, 0.999100506305694580078125, 0, 0.1139579713344573974609375, 0.0000000762939436071974341757595539093017578125, -0.0074838255532085895538330078125, 1, },
			{ 0.99921643733978271484375, -0.0000000000011544099010052377707324922084808349609375, -0.039575196802616119384765625, 0, 0.0000000000046689314740777643208957670140080153942108154296875, 1, 0.000000000088709824208610399409735691733658313751220703125, 0, 0.039575196802616119384765625, -0.000000000088825093114142106287545175291597843170166015625, 0.99921643733978271484375, 0, 0.113500058650970458984375, 0.0000000762939436071974341757595539093017578125, -0.0074537657201290130615234375, 1, },
			{ 0.99932587146759033203125, -0.0000000000011890488593735426547937095165252685546875, -0.0367089174687862396240234375, 0, 0.0000000000042124082000327689456753432750701904296875, 1, 0.000000000082288793834539575300368596799671649932861328125, 0, 0.0367089174687862396240234375, -0.000000000082387950628426409593885182403028011322021484375, 0.99932587146759033203125, 0, 0.113041989505290985107421875, 0.0000000762939436071974341757595539093017578125, -0.0074236295185983180999755859375, 1, },
			{ 0.999427974224090576171875, -0.0000000000012050360709281449089758098125457763671875, -0.033815681934356689453125, 0, 0.000000000003770761480836881673894822597503662109375, 1, 0.000000000075806742827477791024648468010127544403076171875, 0, 0.033815681934356689453125, -0.00000000007589089079385047398318420164287090301513671875, 0.999427974224090576171875, 0, 0.11258392035961151123046875, 0.0000000762939436071974341757595539093017578125, -0.007393569685518741607666015625, 1, },
			{ 0.999522030353546142578125, -0.000000000001202149491064119501970708370208740234375, -0.03090862929821014404296875, 0, 0.00000000000334576789016993725311976959346793591976165771484375, 1, 0.000000000069293161486516652303180308081209659576416015625, 0, 0.03090862929821014404296875, -0.000000000069363438603975424712189123965799808502197265625, 0.999522030353546142578125, 0, 0.112125851213932037353515625, 0.0000000762939436071974341757595539093017578125, -0.0073635098524391651153564453125, 1, },
			{ 0.99960768222808837890625, -0.0000000000011806111643863914650864899158477783203125, -0.028000973165035247802734375, 0, 0.0000000000029396485246024894877336919307708740234375, 1, 0.000000000062777567866323380485482630319893360137939453125, 0, 0.028000973165035247802734375, -0.000000000062835237013558753460529260337352752685546875, 0.99960768222808837890625, 0, 0.1116677820682525634765625, 0.0000000762939436071974341757595539093017578125, -0.00733337365090847015380859375, 1, },
			{ 0.999684751033782958984375, -0.0000000000011401990462900357670150697231292724609375, -0.0251058600842952728271484375, 0, 0.0000000000025541790904526351368986070156097412109375, 1, 0.000000000056289452265989581292160437442362308502197265625, 0, 0.0251058600842952728271484375, -0.000000000056335817955055489392179879359900951385498046875, 0.999684751033782958984375, 0, 0.109734036028385162353515625, 0.0000000762939436071974341757595539093017578125, -0.0072064208798110485076904296875, 1, },
			{ 0.99975264072418212890625, -0.0000000000010811351813799774390645325183868408203125, -0.022236458957195281982421875, 0, 0.000000000002190692072190358885563910007476806640625, 1, 0.000000000049858360495758091701645753346383571624755859375, 0, 0.022236458957195281982421875, -0.000000000049894734177602373392801382578909397125244140625, 0.99975264072418212890625, 0, 0.10780014097690582275390625, 0.0000000762939436071974341757595539093017578125, -0.0070793912746012210845947265625, 1, },
			{ 0.999811470508575439453125, -0.0000000000010051959264956167316995561122894287109375, -0.01940596103668212890625, 0, 0.00000000000185007564823536085896193981170654296875, 1, 0.000000000043513879999235172135740867815911769866943359375, 0, 0.01940596103668212890625, -0.000000000043541566185911761976967682130634784698486328125, 0.999811470508575439453125, 0, 0.10539458692073822021484375, 0.0000000762939436071974341757595539093017578125, -0.006921462714672088623046875, 1, },
			{ 0.999861657619476318359375, -0.000000000000913269351636436521602036009426228702068328857421875, -0.0166275463998317718505859375, 0, 0.000000000001533440041612266213633120059967041015625, 1, 0.000000000037285542708875851758421049453318119049072265625, 0, 0.0166275463998317718505859375, -0.000000000037305880606908203844795934855937957763671875, 0.999861657619476318359375, 0, 0.10298919677734375, 0.0000000762939436071974341757595539093017578125, -0.006763458251953125, 1, },
			{ 0.999903023242950439453125, -0.0000000000008066879954825301179965890696621499955654144287109375, -0.013914383947849273681640625, 0, 0.000000000001240785143900857701027007351513020694255828857421875, 1, 0.000000000031202963823862006620402098633348941802978515625, 0, 0.013914383947849273681640625, -0.000000000031217195495258920345804654061794281005859375, 0.999903023242950439453125, 0, 0.100284419953823089599609375, 0.0000000762939436071974341757595539093017578125, -0.00658584572374820709228515625, 1, },
			{ 0.999936282634735107421875, -0.0000000000006870059534279382429389215758419595658779144287109375, -0.0112792812287807464599609375, 0, 0.00000000000097255536957163712941110134124755859375, 1, 0.00000000002529483567048629311102558858692646026611328125, 0, 0.0112792812287807464599609375, -0.00000000002530418062585138017084318562410771846771240234375, 0.999936282634735107421875, 0, 0.097407527267932891845703125, 0.0000000762939436071974341757595539093017578125, -0.006396941840648651123046875, 1, },
			{ 0.999961674213409423828125, -0.00000000000055688786915197852067649364471435546875, -0.008733503520488739013671875, 0, 0.0000000000007280842595491776592098176479339599609375, 1, 0.0000000000195865268448613960572401992976665496826171875, 0, 0.008733503520488739013671875, -0.00000000001959211959334794528331258334219455718994140625, 0.999961674213409423828125, 0, 0.094371639192104339599609375, 0.0000000762939436071974341757595539093017578125, -0.0061975098215043544769287109375, 1, },
			{ 0.999980032444000244140625, -0.00000000000041833203567875898443162441253662109375, -0.00628794729709625244140625, 0, 0.00000000000050714987764877150766551494598388671875, 1, 0.000000000014102461386167330914531703456304967403411865234375, 0, 0.00628794729709625244140625, -0.000000000014105361843819164135993560194037854671478271484375, 0.999980032444000244140625, 0, 0.091188348829746246337890625, 0.0000000762939436071974341757595539093017578125, -0.0059884642250835895538330078125, 1, },
