function data()
return { 
		times = { 0, 41.667000000000001591615728102624416351318359375, 83.332999999999998408384271897375583648681640625, 125, 166.667000000000001591615728102624416351318359375, 208.332999999999998408384271897375583648681640625, 250, 291.66699999999997316990629769861698150634765625, 333.33300000000002683009370230138301849365234375, 375, 416.66699999999997316990629769861698150634765625, 458.33300000000002683009370230138301849365234375, 500, 541.6670000000000300133251585066318511962890625, 583.3329999999999699866748414933681488037109375, 625, 666.6670000000000300133251585066318511962890625, 708.3329999999999699866748414933681488037109375, 750, 791.6670000000000300133251585066318511962890625, 833.3329999999999699866748414933681488037109375, 875, 916.6670000000000300133251585066318511962890625, 958.3329999999999699866748414933681488037109375, 1000, 1041.66699999999991632648743689060211181640625, 1083.33300000000008367351256310939788818359375, 1125, 1166.66699999999991632648743689060211181640625, 1208.33300000000008367351256310939788818359375, 1250, 1291.66699999999991632648743689060211181640625, 1333.33300000000008367351256310939788818359375, 1375, 1416.66699999999991632648743689060211181640625, 1458.33300000000008367351256310939788818359375, 1500, 1541.66699999999991632648743689060211181640625, 1583.33300000000008367351256310939788818359375, 1625, 1666.66699999999991632648743689060211181640625, 1708.33300000000008367351256310939788818359375, 1750, 1791.66699999999991632648743689060211181640625, 1833.33300000000008367351256310939788818359375, 1875, 1916.66699999999991632648743689060211181640625, 1958.33300000000008367351256310939788818359375, 2000, 2083.33300000000008367351256310939788818359375, 2125, 2166.66699999999991632648743689060211181640625, 2208.33300000000008367351256310939788818359375, 2250, 2291.66699999999991632648743689060211181640625, 2333.33300000000008367351256310939788818359375, 2375, 2416.66699999999991632648743689060211181640625, 2458.33300000000008367351256310939788818359375, 2500, 2541.66699999999991632648743689060211181640625, 2583.33300000000008367351256310939788818359375, 2625, 2666.66699999999991632648743689060211181640625, 2708.33300000000008367351256310939788818359375, 2750, 2791.66699999999991632648743689060211181640625, 2833.33300000000008367351256310939788818359375, 2875, 2916.66699999999991632648743689060211181640625, 2958.33300000000008367351256310939788818359375, 3000, 3041.66699999999991632648743689060211181640625, 3083.33300000000008367351256310939788818359375, 3125, 3166.66699999999991632648743689060211181640625, 3208.33300000000008367351256310939788818359375, 3250, 3291.66699999999991632648743689060211181640625, 3333.33300000000008367351256310939788818359375, 3375, 3416.66699999999991632648743689060211181640625, 3458.33300000000008367351256310939788818359375, 3500, 3541.66699999999991632648743689060211181640625, 3583.33300000000008367351256310939788818359375, 3625, 3666.66699999999991632648743689060211181640625, 3708.33300000000008367351256310939788818359375, 3750, 3791.66699999999991632648743689060211181640625, 3833.33300000000008367351256310939788818359375, 3875, 3916.66699999999991632648743689060211181640625, 3958.33300000000008367351256310939788818359375, 4000, 4041.66699999999991632648743689060211181640625, 4083.33300000000008367351256310939788818359375, 4125, 4166.6670000000003710738383233547210693359375, },
		transfs = {
			{ 1, 0, 0, 0, 0, 1, 0, 0, 0, 0, 1, 0, 0, 0, 0, 1, },
			{ 0.99999940395355224609375, 0, 0.0010780761949717998504638671875, 0, 0, 1, 0, 0, -0.0010780761949717998504638671875, 0, 0.99999940395355224609375, 0, 0.001122131361626088619232177734375, 0, 0.0007480620988644659519195556640625, 1, },
			{ 0.999990940093994140625, 0, 0.0042451438494026660919189453125, 0, 0, 1, 0, 0, -0.0042451438494026660919189453125, 0, 0.999990940093994140625, 0, 0.00224426272325217723846435546875, 0, 0.001496124197728931903839111328125, 1, },
			{ 0.999955832958221435546875, 0, 0.0094003789126873016357421875, 0, 0, 1, 0, 0, -0.0094003789126873016357421875, 0, 0.999955832958221435546875, 0, 0.00336639396846294403076171875, 0, 0.00224426272325217723846435546875, 1, },
			{ 0.999864757061004638671875, 0, 0.01644269935786724090576171875, 0, 0, 1, 0, 0, -0.01644269935786724090576171875, 0, 0.999864757061004638671875, 0, 0.0044885254465043544769287109375, 0, 0.00299232476390898227691650390625, 1, },
			{ 0.99968063831329345703125, 0, 0.0252705104649066925048828125, 0, 0, 1, 0, 0, -0.0252705104649066925048828125, 0, 0.99968063831329345703125, 0, 0.0063757323659956455230712890625, 0, 0.004250488243997097015380859375, 1, },
			{ 0.999359607696533203125, 0, 0.0357814244925975799560546875, 0, 0, 1, 0, 0, -0.0357814244925975799560546875, 0, 0.999359607696533203125, 0, 0.008262938819825649261474609375, 0, 0.0055086514912545680999755859375, 1, },
			{ 0.998853504657745361328125, 0, 0.047872044146060943603515625, 0, 0, 1, 0, 0, -0.047872044146060943603515625, 0, 0.998853504657745361328125, 0, 0.009844207204878330230712890625, 0, 0.00656280480325222015380859375, 1, },
			{ 0.99811089038848876953125, 0, 0.061437539756298065185546875, 0, 0, 1, 0, 0, -0.061437539756298065185546875, 0, 0.99811089038848876953125, 0, 0.011425475589931011199951171875, 0, 0.007616882212460041046142578125, 1, },
			{ 0.997079432010650634765625, 0, 0.076371707022190093994140625, 0, 0, 1, 0, 0, -0.076371707022190093994140625, 0, 0.997079432010650634765625, 0, 0.0108415223658084869384765625, 0, 0.007467956282198429107666015625, 1, },
			{ 0.995706498622894287109375, 0, 0.092566557228565216064453125, 0, 0, 1, 0, 0, -0.092566557228565216064453125, 0, 0.995706498622894287109375, 0, 0.0102575682103633880615234375, 0, 0.0073190308175981044769287109375, 1, },
			{ 0.993942916393280029296875, 0, 0.10989733040332794189453125, 0, 0, 1, 0, 0, -0.10989733040332794189453125, 0, 0.993942916393280029296875, 0, 0.0096736140549182891845703125, 0, 0.0071700285188853740692138671875, 1, },
			{ 0.991751134395599365234375, 0, 0.1281778514385223388671875, 0, 0, 1, 0, 0, -0.1281778514385223388671875, 0, 0.991751134395599365234375, 0, 0.009089660830795764923095703125, 0, 0.0070211025886237621307373046875, 1, },
			{ 0.98910582065582275390625, 0, 0.14720593392848968505859375, 0, 0, 1, 0, 0, -0.14720593392848968505859375, 0, 0.98910582065582275390625, 0, 0.008505706675350666046142578125, 0, 0.0068721771240234375, 1, },
			{ 0.9859941005706787109375, 0, 0.166779696941375732421875, 0, 0, 1, 0, 0, -0.166779696941375732421875, 0, 0.9859941005706787109375, 0, 0.007921752519905567169189453125, 0, 0.0067232511937618255615234375, 1, },
			{ 0.9824173450469970703125, 0, 0.1866976916790008544921875, 0, 0, 1, 0, 0, -0.1866976916790008544921875, 0, 0.9824173450469970703125, 0, 0.0054129026830196380615234375, 0, 0.00657424889504909515380859375, 1, },
			{ 0.978391706943511962890625, 0, 0.206759989261627197265625, 0, 0, 1, 0, 0, -0.206759989261627197265625, 0, 0.978391706943511962890625, 0, 0.00290420535020530223846435546875, 0, 0.0064253234304487705230712890625, 1, },
			{ 0.97394847869873046875, 0, 0.22676931321620941162109375, 0, 0, 1, 0, 0, -0.22676931321620941162109375, 0, 0.97394847869873046875, 0, 0.000041961669921875, 0, 0.0062763975001871585845947265625, 1, },
			{ 0.969134807586669921875, 0, 0.24653114378452301025390625, 0, 0, 1, 0, 0, -0.24653114378452301025390625, 0, 0.969134807586669921875, 0, -0.0029425048269331455230712890625, 0, 0.0061274715699255466461181640625, 1, },
			{ 0.964012920856475830078125, 0, 0.26585519313812255859375, 0, 0, 1, 0, 0, -0.26585519313812255859375, 0, 0.964012920856475830078125, 0, -0.00596420280635356903076171875, 0, 0.005978469736874103546142578125, 1, },
			{ 0.95865952968597412109375, 0, 0.284555613994598388671875, 0, 0, 1, 0, 0, -0.284555613994598388671875, 0, 0.95865952968597412109375, 0, -0.008938292972743511199951171875, 0, 0.005829543806612491607666015625, 1, },
			{ 0.9531509876251220703125, 0, 0.3024947941303253173828125, 0, 0, 1, 0, 0, -0.3024947941303253173828125, 0, 0.9531509876251220703125, 0, -0.0117376707494258880615234375, 0, 0.0056806183420121669769287109375, 1, },
			{ 0.947515010833740234375, 0, 0.3197110593318939208984375, 0, 0, 1, 0, 0, -0.3197110593318939208984375, 0, 0.947515010833740234375, 0, -0.01453720033168792724609375, 0, 0.0055316924117505550384521484375, 1, },
			{ 0.941760003566741943359375, 0, 0.3362855017185211181640625, 0, 0, 1, 0, 0, -0.3362855017185211181640625, 0, 0.941760003566741943359375, 0, -0.0171322636306285858154296875, 0, 0.0053826901130378246307373046875, 1, },
			{ 0.935887813568115234375, 0, 0.35229814052581787109375, 0, 0, 1, 0, 0, -0.35229814052581787109375, 0, 0.935887813568115234375, 0, -0.01972717233002185821533203125, 0, 0.0052337646484375, 1, },
			{ 0.929893910884857177734375, 0, 0.36782777309417724609375, 0, 0, 1, 0, 0, -0.36782777309417724609375, 0, 0.929893910884857177734375, 0, -0.022178344428539276123046875, 0, 0.0050848387181758880615234375, 1, },
			{ 0.923768222332000732421875, 0, 0.382951915264129638671875, 0, 0, 1, 0, 0, -0.382951915264129638671875, 0, 0.923768222332000732421875, 0, -0.02462951652705669403076171875, 0, 0.0039369198493659496307373046875, 1, },
			{ 0.9174954891204833984375, 0, 0.3977461159229278564453125, 0, 0, 1, 0, 0, -0.3977461159229278564453125, 0, 0.9174954891204833984375, 0, -0.02699767984449863433837890625, 0, 0.00278907758183777332305908203125, 1, },
			{ 0.91105496883392333984375, 0, 0.412284910678863525390625, 0, 0, 1, 0, 0, -0.412284910678863525390625, 0, 0.91105496883392333984375, 0, -0.0293656922876834869384765625, 0, 0.001510925241746008396148681640625, 1, },
			{ 0.904421389102935791015625, 0, 0.426640212535858154296875, 0, 0, 1, 0, 0, -0.426640212535858154296875, 0, 0.904421389102935791015625, 0, -0.0317114256322383880615234375, 0, 0.000232696533203125, 1, },
			{ 0.89756476879119873046875, 0, 0.440882623195648193359375, 0, 0, 1, 0, 0, -0.440882623195648193359375, 0, 0.89756476879119873046875, 0, -0.0340571589767932891845703125, 0, -0.001065292279236018657684326171875, 1, },
			{ 0.89047348499298095703125, 0, 0.4550351798534393310546875, 0, 0, 1, 0, 0, -0.4550351798534393310546875, 0, 0.89047348499298095703125, 0, -0.0364331044256687164306640625, 0, -0.00236328109167516231536865234375, 1, },
			{ 0.883229553699493408203125, 0, 0.46894085407257080078125, 0, 0, 1, 0, 0, -0.46894085407257080078125, 0, 0.883229553699493408203125, 0, -0.038809202611446380615234375, 0, -0.00361564639024436473846435546875, 1, },
			{ 0.875949323177337646484375, 0, 0.482403099536895751953125, 0, 0, 1, 0, 0, -0.482403099536895751953125, 0, 0.875949323177337646484375, 0, -0.04123626649379730224609375, 0, -0.0048680114559829235076904296875, 1, },
			{ 0.8687603473663330078125, 0, 0.495232641696929931640625, 0, 0, 1, 0, 0, -0.495232641696929931640625, 0, 0.8687603473663330078125, 0, -0.0436631776392459869384765625, 0, -0.0060541532002389430999755859375, 1, },
			{ 0.86180102825164794921875, 0, 0.507246434688568115234375, 0, 0, 1, 0, 0, -0.507246434688568115234375, 0, 0.86180102825164794921875, 0, -0.0461538694798946380615234375, 0, -0.00724029541015625, 1, },
			{ 0.855218350887298583984375, 0, 0.5182678699493408203125, 0, 0, 1, 0, 0, -0.5182678699493408203125, 0, 0.855218350887298583984375, 0, -0.0486445613205432891845703125, 0, -0.008341674692928791046142578125, 1, },
			{ 0.849166393280029296875, 0, 0.528125286102294921875, 0, 0, 1, 0, 0, -0.528125286102294921875, 0, 0.849166393280029296875, 0, -0.0512115471065044403076171875, 0, -0.00944305397570133209228515625, 1, },
			{ 0.843803942203521728515625, 0, 0.536651551723480224609375, 0, 0, 1, 0, 0, -0.536651551723480224609375, 0, 0.843803942203521728515625, 0, -0.053778685629367828369140625, 0, -0.010441130958497524261474609375, 1, },
			{ 0.83929121494293212890625, 0, 0.543682098388671875, 0, 0, 1, 0, 0, -0.543682098388671875, 0, 0.83929121494293212890625, 0, -0.05643463134765625, 0, -0.011439208872616291046142578125, 1, },
			{ 0.83578813076019287109375, 0, 0.549052059650421142578125, 0, 0, 1, 0, 0, -0.549052059650421142578125, 0, 0.83578813076019287109375, 0, -0.05909042060375213623046875, 0, -0.012281112372875213623046875, 1, },
			{ 0.83311712741851806640625, 0, 0.553096592426300048828125, 0, 0, 1, 0, 0, -0.553096592426300048828125, 0, 0.83311712741851806640625, 0, -0.061828918755054473876953125, 0, -0.013122939504683017730712890625, 1, },
			{ 0.83096408843994140625, 0, 0.556325972080230712890625, 0, 0, 1, 0, 0, -0.556325972080230712890625, 0, 0.83096408843994140625, 0, -0.06456756591796875, 0, -0.0139648430049419403076171875, 1, },
			{ 0.829278767108917236328125, 0, 0.55883514881134033203125, 0, 0, 1, 0, 0, -0.55883514881134033203125, 0, 0.829278767108917236328125, 0, -0.067306824028491973876953125, 0, -0.0145834349095821380615234375, 1, },
			{ 0.828007221221923828125, 0, 0.560717403888702392578125, 0, 0, 1, 0, 0, -0.560717403888702392578125, 0, 0.828007221221923828125, 0, -0.070045925676822662353515625, 0, -0.015202025882899761199951171875, 1, },
			{ 0.827093541622161865234375, 0, 0.562064230442047119140625, 0, 0, 1, 0, 0, -0.562064230442047119140625, 0, 0.827093541622161865234375, 0, -0.07268463075160980224609375, 0, -0.01582061685621738433837890625, 1, },
			{ 0.82660067081451416015625, 0, 0.56278884410858154296875, 0, 0, 1, 0, 0, -0.56278884410858154296875, 0, 0.82660067081451416015625, 0, -0.075323484838008880615234375, 0, -0.01558242738246917724609375, 1, },
			{ 0.82610714435577392578125, 0, 0.56351292133331298828125, 0, 0, 1, 0, 0, -0.56351292133331298828125, 0, 0.82610714435577392578125, 0, -0.07776062190532684326171875, 0, -0.015344314277172088623046875, 1, },
			{ 0.826204121112823486328125, 0, 0.563370883464813232421875, 0, 0, 1, 0, 0, -0.563370883464813232421875, 0, 0.826204121112823486328125, 0, -0.080197751522064208984375, 0, -0.015106201171875, 1, },
			{ 0.82639789581298828125, 0, 0.563086569309234619140625, 0, 0, 1, 0, 0, -0.563086569309234619140625, 0, 0.82639789581298828125, 0, -0.08446685969829559326171875, 0, -0.014629821293056011199951171875, 1, },
			{ 0.826494753360748291015625, 0, 0.5629444122314453125, 0, 0, 1, 0, 0, -0.5629444122314453125, 0, 0.826494753360748291015625, 0, -0.08621551096439361572265625, 0, -0.014391708187758922576904296875, 1, },
			{ 0.828395426273345947265625, 0, 0.5601437091827392578125, 0, 0, 1, 0, 0, -0.5601437091827392578125, 0, 0.828395426273345947265625, 0, -0.0879643261432647705078125, 0, -0.014153595082461833953857421875, 1, },
			{ 0.831410825252532958984375, 0, 0.5556581020355224609375, 0, 0, 1, 0, 0, -0.5556581020355224609375, 0, 0.831410825252532958984375, 0, -0.089216612279415130615234375, 0, -0.01391540467739105224609375, 1, },
			{ 0.8354079723358154296875, 0, 0.54963028430938720703125, 0, 0, 1, 0, 0, -0.54963028430938720703125, 0, 0.8354079723358154296875, 0, -0.09046889841556549072265625, 0, -0.01367721520364284515380859375, 1, },
			{ 0.8402483463287353515625, 0, 0.542201697826385498046875, 0, 0, 1, 0, 0, -0.542201697826385498046875, 0, 0.8402483463287353515625, 0, -0.09172119200229644775390625, 0, -0.01343910209834575653076171875, 1, },
			{ 0.845792233943939208984375, 0, 0.533512294292449951171875, 0, 0, 1, 0, 0, -0.533512294292449951171875, 0, 0.845792233943939208984375, 0, -0.091380305588245391845703125, 0, -0.01197059638798236846923828125, 1, },
			{ 0.851900577545166015625, 0, 0.52370357513427734375, 0, 0, 1, 0, 0, -0.52370357513427734375, 0, 0.851900577545166015625, 0, -0.091039426624774932861328125, 0, -0.01050209067761898040771484375, 1, },
			{ 0.858436524868011474609375, 0, 0.512919843196868896484375, 0, 0, 1, 0, 0, -0.512919843196868896484375, 0, 0.858436524868011474609375, 0, -0.0906983911991119384765625, 0, -0.0088254548609256744384765625, 1, },
			{ 0.865268051624298095703125, 0, 0.50130939483642578125, 0, 0, 1, 0, 0, -0.50130939483642578125, 0, 0.865268051624298095703125, 0, -0.0903575122356414794921875, 0, -0.0071488185785710811614990234375, 1, },
			{ 0.872269809246063232421875, 0, 0.4890249073505401611328125, 0, 0, 1, 0, 0, -0.4890249073505401611328125, 0, 0.872269809246063232421875, 0, -0.0900166332721710205078125, 0, -0.00540550239384174346923828125, 1, },
			{ 0.8793354034423828125, 0, 0.4762029349803924560546875, 0, 0, 1, 0, 0, -0.4762029349803924560546875, 0, 0.8793354034423828125, 0, -0.089675597846508026123046875, 0, -0.00366218551062047481536865234375, 1, },
			{ 0.8864133358001708984375, 0, 0.4628944694995880126953125, 0, 0, 1, 0, 0, -0.4628944694995880126953125, 0, 0.8864133358001708984375, 0, -0.08933471143245697021484375, 0, -0.001992187462747097015380859375, 1, },
			{ 0.89346587657928466796875, 0, 0.4491311013698577880859375, 0, 0, 1, 0, 0, -0.4491311013698577880859375, 0, 0.89346587657928466796875, 0, -0.08899383246898651123046875, 0, -0.00032218932756222784519195556640625, 1, },
			{ 0.900456845760345458984375, 0, 0.4349453747272491455078125, 0, 0, 1, 0, 0, -0.4349453747272491455078125, 0, 0.900456845760345458984375, 0, -0.08865295350551605224609375, 0, 0.0011362456716597080230712890625, 1, },
			{ 0.9073522090911865234375, 0, 0.4203712642192840576171875, 0, 0, 1, 0, 0, -0.4203712642192840576171875, 0, 0.9073522090911865234375, 0, -0.088312067091464996337890625, 0, 0.00259468075819313526153564453125, 1, },
			{ 0.914119720458984375, 0, 0.405444204807281494140625, 0, 0, 1, 0, 0, -0.405444204807281494140625, 0, 0.914119720458984375, 0, -0.087971039116382598876953125, 0, 0.00370323169045150279998779296875, 1, },
			{ 0.920729339122772216796875, 0, 0.3902018368244171142578125, 0, 0, 1, 0, 0, -0.3902018368244171142578125, 0, 0.920729339122772216796875, 0, -0.08763015270233154296875, 0, 0.0048117828555405139923095703125, 1, },
			{ 0.927153408527374267578125, 0, 0.3746819794178009033203125, 0, 0, 1, 0, 0, -0.3746819794178009033203125, 0, 0.927153408527374267578125, 0, -0.085877992212772369384765625, 0, 0.0047058868221938610076904296875, 1, },
			{ 0.933366358280181884765625, 0, 0.3589249551296234130859375, 0, 0, 1, 0, 0, -0.3589249551296234130859375, 0, 0.933366358280181884765625, 0, -0.084125973284244537353515625, 0, 0.0045999907888472080230712890625, 1, },
			{ 0.93934571743011474609375, 0, 0.3429717719554901123046875, 0, 0, 1, 0, 0, -0.3429717719554901123046875, 0, 0.93934571743011474609375, 0, -0.08219848573207855224609375, 0, 0.0044940947555005550384521484375, 1, },
			{ 0.94507110118865966796875, 0, 0.3268646895885467529296875, 0, 0, 1, 0, 0, -0.3268646895885467529296875, 0, 0.94507110118865966796875, 0, -0.08027099072933197021484375, 0, 0.0043881987221539020538330078125, 1, },
			{ 0.950525224208831787109375, 0, 0.3106471598148345947265625, 0, 0, 1, 0, 0, -0.3106471598148345947265625, 0, 0.950525224208831787109375, 0, -0.078191526234149932861328125, 0, 0.0042823790572583675384521484375, 1, },
			{ 0.955693542957305908203125, 0, 0.2943635284900665283203125, 0, 0, 1, 0, 0, -0.2943635284900665283203125, 0, 0.955693542957305908203125, 0, -0.076112210750579833984375, 0, 0.0041764830239117145538330078125, 1, },
			{ 0.9605638980865478515625, 0, 0.2780592739582061767578125, 0, 0, 1, 0, 0, -0.2780592739582061767578125, 0, 0.9605638980865478515625, 0, -0.0738246142864227294921875, 0, 0.0040705869905650615692138671875, 1, },
			{ 0.965127527713775634765625, 0, 0.2617801129817962646484375, 0, 0, 1, 0, 0, -0.2617801129817962646484375, 0, 0.965127527713775634765625, 0, -0.071537017822265625, 0, 0.0039646909572184085845947265625, 1, },
			{ 0.96937811374664306640625, 0, 0.24557296931743621826171875, 0, 0, 1, 0, 0, -0.24557296931743621826171875, 0, 0.96937811374664306640625, 0, -0.068981476128101348876953125, 0, 0.00385879515670239925384521484375, 1, },
			{ 0.973312199115753173828125, 0, 0.22948493063449859619140625, 0, 0, 1, 0, 0, -0.22948493063449859619140625, 0, 0.973312199115753173828125, 0, -0.06642593443393707275390625, 0, 0.00375289912335574626922607421875, 1, },
			{ 0.976929187774658203125, 0, 0.2135634720325469970703125, 0, 0, 1, 0, 0, -0.2135634720325469970703125, 0, 0.976929187774658203125, 0, -0.063632197678089141845703125, 0, 0.00364700309000909328460693359375, 1, },
			{ 0.980230987071990966796875, 0, 0.197856247425079345703125, 0, 0, 1, 0, 0, -0.197856247425079345703125, 0, 0.980230987071990966796875, 0, -0.06065948307514190673828125, 0, 0.00354110705666244029998779296875, 1, },
			{ 0.98322236537933349609375, 0, 0.18241114914417266845703125, 0, 0, 1, 0, 0, -0.18241114914417266845703125, 0, 0.98322236537933349609375, 0, -0.057492978870868682861328125, 0, 0.00343521102331578731536865234375, 1, },
			{ 0.985909998416900634765625, 0, 0.1672761440277099609375, 0, 0, 1, 0, 0, -0.1672761440277099609375, 0, 0.985909998416900634765625, 0, -0.0541265867650508880615234375, 0, 0.003329315222799777984619140625, 1, },
			{ 0.988303661346435546875, 0, 0.1524989306926727294921875, 0, 0, 1, 0, 0, -0.1524989306926727294921875, 0, 0.988303661346435546875, 0, -0.0505885295569896697998046875, 0, 0.00322349532507359981536865234375, 1, },
			{ 0.990414440631866455078125, 0, 0.1381270885467529296875, 0, 0, 1, 0, 0, -0.1381270885467529296875, 0, 0.990414440631866455078125, 0, -0.04691635072231292724609375, 0, 0.003117599524557590484619140625, 1, },
			{ 0.992256224155426025390625, 0, 0.1242078840732574462890625, 0, 0, 1, 0, 0, -0.1242078840732574462890625, 0, 0.992256224155426025390625, 0, -0.0431469716131687164306640625, 0, 0.0030117034912109375, 1, },
			{ 0.99384403228759765625, 0, 0.1107882559299468994140625, 0, 0, 1, 0, 0, -0.1107882559299468994140625, 0, 0.99384403228759765625, 0, -0.039317779242992401123046875, 0, 0.002905807457864284515380859375, 1, },
			{ 0.995194733142852783203125, 0, 0.097914822399616241455078125, 0, 0, 1, 0, 0, -0.097914822399616241455078125, 0, 0.995194733142852783203125, 0, -0.0354656986892223358154296875, 0, 0.00279991142451763153076171875, 1, },
			{ 0.9963266849517822265625, 0, 0.08563359081745147705078125, 0, 0, 1, 0, 0, -0.08563359081745147705078125, 0, 0.9963266849517822265625, 0, -0.03162826597690582275390625, 0, 0.002522506751120090484619140625, 1, },
			{ 0.9972589015960693359375, 0, 0.073990203440189361572265625, 0, 0, 1, 0, 0, -0.073990203440189361572265625, 0, 0.9972589015960693359375, 0, -0.0278427116572856903076171875, 0, 0.00224510184489190578460693359375, 1, },
			{ 0.99801158905029296875, 0, 0.063029788434505462646484375, 0, 0, 1, 0, 0, -0.063029788434505462646484375, 0, 0.99801158905029296875, 0, -0.024146117269992828369140625, 0, 0.00196769717149436473846435546875, 1, },
			{ 0.998605251312255859375, 0, 0.052796907722949981689453125, 0, 0, 1, 0, 0, -0.052796907722949981689453125, 0, 0.998605251312255859375, 0, -0.0205757133662700653076171875, 0, 0.0016902922652661800384521484375, 1, },
			{ 0.999060571193695068359375, 0, 0.043335728347301483154296875, 0, 0, 1, 0, 0, -0.043335728347301483154296875, 0, 0.999060571193695068359375, 0, -0.0171687304973602294921875, 0, 0.0014128875918686389923095703125, 1, },
			{ 0.999398052692413330078125, 0, 0.034689910709857940673828125, 0, 0, 1, 0, 0, -0.034689910709857940673828125, 0, 0.999398052692413330078125, 0, -0.013962402008473873138427734375, 0, 0.001135482802055776119232177734375, 1, },
			{ 0.999638080596923828125, 0, 0.0269026719033718109130859375, 0, 0, 1, 0, 0, -0.0269026719033718109130859375, 0, 0.999638080596923828125, 0, -0.01099395751953125, 0, 0.00085807801224291324615478515625, 1, },
			{ 0.999799668788909912109375, 0, 0.02001690678298473358154296875, 0, 0, 1, 0, 0, -0.02001690678298473358154296875, 0, 0.999799668788909912109375, 0, -0.00845657289028167724609375, 0, 0.0007354736444540321826934814453125, 1, },
			{ 0.999900877475738525390625, 0, 0.014075142331421375274658203125, 0, 0, 1, 0, 0, -0.014075142331421375274658203125, 0, 0.999900877475738525390625, 0, -0.005919189192354679107666015625, 0, 0.00061294552870094776153564453125, 1, },
			{ 0.999958336353302001953125, 0, 0.0091196484863758087158203125, 0, 0, 1, 0, 0, -0.0091196484863758087158203125, 0, 0.999958336353302001953125, 0, -0.004080810584127902984619140625, 0, 0.0004903411609120666980743408203125, 1, },
			{ 0.999986469745635986328125, 0, 0.0051925084553658962249755859375, 0, 0, 1, 0, 0, -0.0051925084553658962249755859375, 0, 0.999986469745635986328125, 0, -0.0022425842471420764923095703125, 0, 0.00036773682222701609134674072265625, 1, },
			{ 0.99999725818634033203125, 0, 0.00233563431538641452789306640625, 0, 0, 1, 0, 0, -0.00233563431538641452789306640625, 0, 0.99999725818634033203125, 0, -0.00149505608715116977691650390625, 0, 0.00024513245443813502788543701171875, 1, },
			{ 0.9999997615814208984375, 0, 0.0005908721941523253917694091796875, 0, 0, 1, 0, 0, -0.0005908721941523253917694091796875, 0, 0.9999997615814208984375, 0, -0.000747528043575584888458251953125, 0, 0.0001226043677888810634613037109375, 1, },
			{ 1, 0, 0, 0, 0, 1, 0, 0, 0, 0, 1, 0, 0, 0, 0, 1, },
		},
	}
end