function data()
return { 
		times = { 0, 41.667000000000001591615728102624416351318359375, 83.332999999999998408384271897375583648681640625, 125, 166.667000000000001591615728102624416351318359375, 208.332999999999998408384271897375583648681640625, 250, 291.66699999999997316990629769861698150634765625, 333.33300000000002683009370230138301849365234375, 375, 416.66699999999997316990629769861698150634765625, 458.33300000000002683009370230138301849365234375, 500, 541.6670000000000300133251585066318511962890625, 583.3329999999999699866748414933681488037109375, 625, 666.6670000000000300133251585066318511962890625, 708.3329999999999699866748414933681488037109375, 750, 791.6670000000000300133251585066318511962890625, 833.3329999999999699866748414933681488037109375, 875, 916.6670000000000300133251585066318511962890625, 958.3329999999999699866748414933681488037109375, 1000, 1041.66699999999991632648743689060211181640625, 1083.33300000000008367351256310939788818359375, 1125, 1166.66699999999991632648743689060211181640625, 1208.33300000000008367351256310939788818359375, 1250, 1291.66699999999991632648743689060211181640625, 1333.33300000000008367351256310939788818359375, 1375, 1416.66699999999991632648743689060211181640625, 1458.33300000000008367351256310939788818359375, 1500, 1541.66699999999991632648743689060211181640625, 1583.33300000000008367351256310939788818359375, 1625, 1666.66699999999991632648743689060211181640625, 1708.33300000000008367351256310939788818359375, 1750, 1791.66699999999991632648743689060211181640625, 1833.33300000000008367351256310939788818359375, 1875, 1916.66699999999991632648743689060211181640625, 1958.33300000000008367351256310939788818359375, 2000, 2041.66699999999991632648743689060211181640625, 2083.33300000000008367351256310939788818359375, 2125, 2166.66699999999991632648743689060211181640625, 2208.33300000000008367351256310939788818359375, 2250, 2291.66699999999991632648743689060211181640625, 2333.33300000000008367351256310939788818359375, 2375, 2416.66699999999991632648743689060211181640625, 2458.33300000000008367351256310939788818359375, 2500, 2541.66699999999991632648743689060211181640625, 2583.33300000000008367351256310939788818359375, 2625, 2666.66699999999991632648743689060211181640625, 2708.33300000000008367351256310939788818359375, 2750, 2791.66699999999991632648743689060211181640625, 2833.33300000000008367351256310939788818359375, 2875, 2916.66699999999991632648743689060211181640625, 2958.33300000000008367351256310939788818359375, 3000, 3041.66699999999991632648743689060211181640625, 3083.33300000000008367351256310939788818359375, 3125, 3166.66699999999991632648743689060211181640625, 3208.33300000000008367351256310939788818359375, 3250, 3291.66699999999991632648743689060211181640625, 3333.33300000000008367351256310939788818359375, 3375, 3416.66699999999991632648743689060211181640625, 3458.33300000000008367351256310939788818359375, 3500, 3541.66699999999991632648743689060211181640625, 3583.33300000000008367351256310939788818359375, 3625, 3666.66699999999991632648743689060211181640625, 3708.33300000000008367351256310939788818359375, 3750, 3791.66699999999991632648743689060211181640625, 3833.33300000000008367351256310939788818359375, 3875, 3916.66699999999991632648743689060211181640625, 3958.33300000000008367351256310939788818359375, 4000, 4041.66699999999991632648743689060211181640625, 4083.33300000000008367351256310939788818359375, 4166.6670000000003710738383233547210693359375, },
		transfs = {
			{ 1, 0, 0.0000000298023223876953125, 0, 0, 1, -0.00000000000000088817841970012523233890533447265625, 0, -0.0000000298023223876953125, -0.00000000000000088817841970012523233890533447265625, 1, 0, 0, -0.0000000762939436071974341757595539093017578125, 0.00000007152556946721233543939888477325439453125, 1, },
			{ 0.999999523162841796875, -0.0000000000058317790700701532813354788231663405895233154296875, -0.000987112522125244140625, 0, 0.0000000000058513189953035560364469347405247390270233154296875, 1, 0.0000000000189874782563492772169411182403564453125, 0, 0.000987112522125244140625, -0.000000000018994139594497028156183660030364990234375, 0.999999523162841796875, 0, -0.0005876159411855041980743408203125, -0.0000000762939436071974341757595539093017578125, 0.0009160566260106861591339111328125, 1, },
			{ 0.9999926090240478515625, -0.0000000000226894059096593991853296756744384765625, -0.0038582980632781982421875, 0, 0.000000000022975399360802839510142803192138671875, 1, 0.000000000074179329345724909217096865177154541015625, 0, 0.0038582980632781982421875, -0.000000000074269035366114621865563094615936279296875, 0.9999926090240478515625, 0, -0.001175537123344838619232177734375, -0.0000000762939436071974341757595539093017578125, 0.0018322705291211605072021484375, 1, },
			{ 0.99996411800384521484375, -0.0000000000494804162920470247399862273596227169036865234375, -0.0084784030914306640625, 0, 0.0000000000508606490257079713046550750732421875, 1, 0.000000000162890589905373417423106729984283447265625, 0, 0.0084784030914306640625, -0.00000000016331645757983181965755647979676723480224609375, 0.99996411800384521484375, 0, -0.001763153006322681903839111328125, -0.0000000762939436071974341757595539093017578125, 0.002748408354818820953369140625, 1, },
			{ 0.999891757965087890625, -0.000000000084977351544335277822028729133307933807373046875, -0.014711856842041015625, 0, 0.000000000089141131975889464911233517341315746307373046875, 1, 0.00000000028237767679684111499227583408355712890625, 0, 0.014711856842041015625, -0.0000000002836610946133077959530055522918701171875, 0.999891757965087890625, 0, -0.00324737536720931529998779296875, -0.0000000762939436071974341757595539093017578125, 0.0042737531475722789764404296875, 1, },
			{ 0.999748528003692626953125, -0.0000000001278497308021542266942560672760009765625, -0.022422730922698974609375, 0, 0.00000000013752554650636739097535610198974609375, 1, 0.000000000429867696993824210949242115020751953125, 0, 0.022422730922698974609375, -0.0000000004328466474134984309785068035125732421875, 0.999748528003692626953125, 0, -0.0047315978445112705230712890625, -0.0000000762939436071974341757595539093017578125, 0.0057990215718746185302734375, 1, },
			{ 0.999504506587982177734375, -0.000000000176722636524573317728936672210693359375, -0.03147494792938232421875, 0, 0.00000000019578648424722899790140218101441860198974609375, 1, 0.0000000006025668852771559613756835460662841796875, 0, 0.03147494792938232421875, -0.0000000006084324155608555884100496768951416015625, 0.999504506587982177734375, 0, -0.0061126709915697574615478515625, -0.0000000762939436071974341757595539093017578125, 0.007854380644857883453369140625, 1, },
			{ 0.99912893772125244140625, -0.000000000230190977390520856715738773345947265625, -0.0417317450046539306640625, 0, 0.0000000002637090545931641827337443828582763671875, 1, 0.000000000797658827877967269159853458404541015625, 0, 0.0417317450046539306640625, -0.000000000807970079730324641786864958703517913818359375, 0.99912893772125244140625, 0, -0.00749374367296695709228515625, -0.0000000762939436071974341757595539093017578125, 0.009909815154969692230224609375, 1, },
			{ 0.99859154224395751953125, -0.000000000286863865994746447540819644927978515625, -0.0530557297170162200927734375, 0, 0.0000000003410551840943298884667456150054931640625, 1, 0.000000001012323114224500386626459658145904541015625, 0, 0.0530557297170162200927734375, -0.00000000102899466725148158730007708072662353515625, 0.99859154224395751953125, 0, -0.0085864253342151641845703125, -0.0000000762939436071974341757595539093017578125, 0.011769252829253673553466796875, 1, },
			{ 0.997865021228790283203125, -0.0000000003453947960974090847230399958789348602294921875, -0.06530845165252685546875, 0, 0.0000000004275335641068522818386554718017578125, 1, 0.00000000124373666920973846572451293468475341796875, 0, 0.06530845165252685546875, -0.000000001269004457071787328459322452545166015625, 0.997865021228790283203125, 0, -0.009586944244801998138427734375, -0.0000000762939436071974341757595539093017578125, 0.013764263130724430084228515625, 1, },
			{ 0.996925771236419677734375, -0.000000000404508426754546235315501689910888671875, -0.0783514082431793212890625, 0, 0.00000000052278892326285131275653839111328125, 1, 0.00000000148909151675979956053197383880615234375, 0, 0.0783514082431793212890625, -0.0000000015254766339012348907999694347381591796875, 0.996925771236419677734375, 0, -0.00982055626809597015380859375, -0.0000000762939436071974341757595539093017578125, 0.015238185413181781768798828125, 1, },
			{ 0.99575388431549072265625, -0.0000000004630589245380178908817470073699951171875, -0.092055819928646087646484375, 0, 0.000000000626432239414498326368629932403564453125, 1, 0.00000000174579584122369624310522340238094329833984375, 0, 0.092055819928646087646484375, -0.000000001796050863589471191517077386379241943359375, 0.99575388431549072265625, 0, -0.01002334617078304290771484375, -0.0000000762939436071974341757595539093017578125, 0.01675803773105144500732421875, 1, },
			{ 0.994330465793609619140625, -0.0000000005201687969247359433211386203765869140625, -0.106334023177623748779296875, 0, 0.0000000007383054168030867003835737705230712890625, 1, 0.000000002012048749833184047020040452480316162109375, 0, 0.106334023177623748779296875, -0.000000002079149741263108808198012411594390869140625, 0.994330465793609619140625, 0, -0.010225982405245304107666015625, -0.0000000762939436071974341757595539093017578125, 0.01827766001224517822265625, 1, },
			{ 0.992639243602752685546875, -0.000000000575061720464731251922785304486751556396484375, -0.121108137071132659912109375, 0, 0.0000000008582663468814644147641956806182861328125, 1, 0.000000002286257849704043110250495374202728271484375, 0, 0.121108137071132659912109375, -0.0000000023733743859111200436018407344818115234375, 0.992639243602752685546875, 0, -0.009459228254854679107666015625, -0.0000000762939436071974341757595539093017578125, 0.01915824413299560546875, 1, },
			{ 0.9906675815582275390625, -0.0000000006270308716693762107752263545989990234375, -0.136300146579742431640625, 0, 0.000000000986094761401545838452875614166259765625, 1, 0.000000002566845846985188472899608314037322998046875, 0, 0.136300146579742431640625, -0.0000000026772977168576517215115018188953399658203125, 0.9906675815582275390625, 0, -0.008692321367561817169189453125, -0.0000000762939436071974341757595539093017578125, 0.02003882825374603271484375, 1, },
			{ 0.9884064197540283203125, -0.000000000675438371899872436188161373138427734375, -0.15183150768280029296875, 0, 0.000000001121502890555348130874335765838623046875, 1, 0.000000002852249547657947914558462798595428466796875, 0, 0.15183150768280029296875, -0.000000002989462899449790711514651775360107421875, 0.9884064197540283203125, 0, -0.007934874854981899261474609375, -0.0000000762939436071974341757595539093017578125, 0.02090575732290744781494140625, 1, },
			{ 0.98585093021392822265625, -0.0000000007197318296903176815249025821685791015625, -0.167624294757843017578125, 0, 0.00000000126411947576343663968145847320556640625, 1, 0.000000003140943061197276620077900588512420654296875, 0, 0.167624294757843017578125, -0.0000000033083986661353037561639212071895599365234375, 0.98585093021392822265625, 0, -0.00717727653682231903076171875, -0.0000000762939436071974341757595539093017578125, 0.0217724554240703582763671875, 1, },
			{ 0.9830009937286376953125, -0.0000000007594476159056284814141690731048583984375, -0.1836006343364715576171875, 0, 0.0000000014134879933180855005048215389251708984375, 1, 0.000000003431421813360202577314339578151702880859375, 0, 0.1836006343364715576171875, -0.0000000036326088803662059945054352283477783203125, 0.9830009937286376953125, 0, -0.006447601132094860076904296875, -0.0000000762939436071974341757595539093017578125, 0.0225983373820781707763671875, 1, },
			{ 0.97986066341400146484375, -0.0000000007942020374684943817555904388427734375, -0.199682772159576416015625, 0, 0.0000000015690648780264382367022335529327392578125, 1, 0.000000003722217645218961479258723556995391845703125, 0, 0.199682772159576416015625, -0.0000000039605705381973166367970407009124755859375, 0.97986066341400146484375, 0, -0.0057177734561264514923095703125, -0.0000000762939436071974341757595539093017578125, 0.02342437207698822021484375, 1, },
			{ 0.976438999176025390625, -0.0000000008237162063551295432262122631072998046875, -0.2157938182353973388671875, 0, 0.00000000173022829397240229809540323913097381591796875, 1, 0.000000004011905918588354325038380920886993408203125, 0, 0.2157938182353973388671875, -0.000000004290754862523726842482574284076690673828125, 0.976438999176025390625, 0, -0.005034484900534152984619140625, -0.0000000762939436071974341757595539093017578125, 0.02418220043182373046875, 1, },
			{ 0.972749769687652587890625, -0.000000000847801773229406308018951676785945892333984375, -0.23185764253139495849609375, 0, 0.000000001896257373346088570542633533477783203125, 1, 0.000000004299102851490488319541327655315399169921875, 0, 0.23185764253139495849609375, -0.0000000046216133142706894432194530963897705078125, 0.972749769687652587890625, 0, -0.0043511963449418544769287109375, -0.0000000762939436071974341757595539093017578125, 0.02493987418711185455322265625, 1, },
			{ 0.96880972385406494140625, -0.000000000866382465769532927879481576383113861083984375, -0.24780581891536712646484375, 0, 0.0000000020664270294901143643073737621307373046875, 1, 0.000000004582591639490374291199259459972381591796875, 0, 0.24780581891536712646484375, -0.000000004951731913394041839637793600559234619140625, 0.96880972385406494140625, 0, -0.00375198363326489925384521484375, -0.0000000762939436071974341757595539093017578125, 0.02557357214391231536865234375, 1, },
			{ 0.964632809162139892578125, -0.00000000087947427118706400506198406219482421875, -0.2635972201824188232421875, 0, 0.0000000022402257826570348697714507579803466796875, 1, 0.000000004861660851673832439701072871685028076171875, 0, 0.2635972201824188232421875, -0.000000005280235360061169558321125805377960205078125, 0.964632809162139892578125, 0, -0.00315307616256177425384521484375, -0.0000000762939436071974341757595539093017578125, 0.02620719373226165771484375, 1, },
			{ 0.960233509540557861328125, -0.000000000887162288076837057815282605588436126708984375, -0.2791981995105743408203125, 0, 0.0000000024171793455707302200607955455780029296875, 1, 0.000000005135749603368822135962545871734619140625, 0, 0.2791981995105743408203125, -0.000000005606392239343449546140618622303009033203125, 0.960233509540557861328125, 0, -0.00255401595495641231536865234375, -0.0000000762939436071974341757595539093017578125, 0.0268408916890621185302734375, 1, },
			{ 0.9556281566619873046875, -0.000000000889563922523706196443527005612850189208984375, -0.29457557201385498046875, 0, 0.0000000025967690220340955420397222042083740234375, 1, 0.000000005404320102542214954155497252941131591796875, 0, 0.29457557201385498046875, -0.00000000592946580724174054921604692935943603515625, 0.9556281566619873046875, 0, -0.00211822497658431529998779296875, -0.0000000762939436071974341757595539093017578125, 0.02723388187587261199951171875, 1, },
			{ 0.950835168361663818359375, -0.000000000886842599356896243989467620849609375, -0.309697210788726806640625, 0, 0.0000000027784563538801876347861252725124359130859375, 1, 0.00000000566685987024584392202086746692657470703125, 0, 0.309697210788726806640625, -0.000000006248730866076357415295206010341644287109375, 0.950835168361663818359375, 0, -0.0016827392391860485076904296875, -0.0000000762939436071974341757595539093017578125, 0.0276270247995853424072265625, 1, },
			{ 0.945874750614166259765625, -0.000000000879200712233796366490423679351806640625, -0.3245317041873931884765625, 0, 0.0000000029616680219390900674625299870967864990234375, 1, 0.00000000592288440515176262124441564083099365234375, 0, 0.3245317041873931884765625, -0.000000006563463106346034692251123487949371337890625, 0.945874750614166259765625, 0, -0.001247253385372459888458251953125, -0.0000000762939436071974341757595539093017578125, 0.02802001498639583587646484375, 1, },
			{ 0.940768778324127197265625, -0.000000000866879901195716229267418384552001953125, -0.33904874324798583984375, 0, 0.0000000031457998428408018298796378076076507568359375, 1, 0.000000006171940736265923987957648932933807373046875, 0, 0.33904874324798583984375, -0.00000000687294932077975317952223122119903564453125, 0.940768778324127197265625, 0, -0.00081176753155887126922607421875, -0.0000000762939436071974341757595539093017578125, 0.02841315604746341705322265625, 1, },
			{ 0.93554079532623291015625, -0.00000000085015727790960227139294147491455078125, -0.3532187640666961669921875, 0, 0.000000003330224984665619558654725551605224609375, 1, 0.00000000641359942932240301161073148250579833984375, 0, 0.3532187640666961669921875, -0.0000000071764816311770118772983551025390625, 0.93554079532623291015625, 0, -0.0007882690406404435634613037109375, -0.0000000762939436071974341757595539093017578125, 0.028199456632137298583984375, 1, },
			{ 0.93021571636199951171875, -0.000000000829345425668037705690949223935604095458984375, -0.367013275623321533203125, 0, 0.0000000035142944110333473872742615640163421630859375, 1, 0.000000006647459027675495235598646104335784912109375, 0, 0.367013275623321533203125, -0.000000007473364149745975737459957599639892578125, 0.93021571636199951171875, 0, -0.00076507567428052425384521484375, -0.0000000762939436071974341757595539093017578125, 0.027985759079456329345703125, 1, },
			{ 0.9248201847076416015625, -0.000000000804792676944998675025999546051025390625, -0.3804045617580413818359375, 0, 0.0000000036973375472371117211878299713134765625, 1, 0.00000000687314649638892660732381045818328857421875, 0, 0.3804045617580413818359375, -0.0000000077629085382113771629519760608673095703125, 0.9248201847076416015625, 0, -0.00074172974564135074615478515625, -0.0000000762939436071974341757595539093017578125, 0.027772210538387298583984375, 1, },
			{ 0.919373989105224609375, -0.000000000776832764781687501454143784940242767333984375, -0.393384516239166259765625, 0, 0.0000000038789149670037659234367311000823974609375, 1, 0.000000007090619646987761370837688446044921875, 0, 0.393384516239166259765625, -0.0000000080448359085494303144514560699462890625, 0.919373989105224609375, 0, -0.0007183837587945163249969482421875, -0.0000000762939436071974341757595539093017578125, 0.027558512985706329345703125, 1, },
			{ 0.913865387439727783203125, -0.00000000074561512519721873104572296142578125, -0.4060171544551849365234375, 0, 0.0000000040596415118443474057130515575408935546875, 1, 0.00000000730104243729101654025726020336151123046875, 0, 0.4060171544551849365234375, -0.0000000083204536593939337763004004955291748046875, 0.913865387439727783203125, 0, -0.0006950378301553428173065185546875, -0.0000000762939436071974341757595539093017578125, 0.027344889938831329345703125, 1, },
			{ 0.908270359039306640625, -0.00000000071116090794021147303283214569091796875, -0.4183835685253143310546875, 0, 0.0000000042404533218132201000116765499114990234375, 1, 0.0000000075058341764133729157038033008575439453125, 0, 0.4183835685253143310546875, -0.00000000859146265241861328831873834133148193359375, 0.908270359039306640625, 0, 0.0007135009509511291980743408203125, -0.0000000762939436071974341757595539093017578125, 0.02618995122611522674560546875, 1, },
			{ 0.902560532093048095703125, -0.00000000067338845610720454715192317962646484375, -0.430563032627105712890625, 0, 0.00000000442237091391461945022456347942352294921875, 1, 0.00000000770634489555277468753047287464141845703125, 0, 0.430563032627105712890625, -0.00000000885955220297773848869837820529937744140625, 0.902560532093048095703125, 0, 0.00212203967384994029998779296875, -0.0000000762939436071974341757595539093017578125, 0.025035090744495391845703125, 1, },
			{ 0.896703064441680908203125, -0.000000000632127183930464298100559972226619720458984375, -0.442632615566253662109375, 0, 0.0000000046064752012853205087594687938690185546875, 1, 0.0000000079038731115588234388269484043121337890625, 0, 0.442632615566253662109375, -0.00000000912640274464138201437890529632568359375, 0.896703064441680908203125, 0, 0.0039465329609811305999755859375, -0.0000000762939436071974341757595539093017578125, 0.0235974825918674468994140625, 1, },
			{ 0.890660941600799560546875, -0.00000000058711435713121318258345127105712890625, -0.4546679556369781494140625, 0, 0.00000000479392969765513043967075645923614501953125, 1, 0.000000008099650727899643243290483951568603515625, 0, 0.4546679556369781494140625, -0.000000009393687605552258901298046112060546875, 0.890660941600799560546875, 0, 0.0057708737440407276153564453125, -0.0000000762939436071974341757595539093017578125, 0.0221599526703357696533203125, 1, },
			{ 0.88439333438873291015625, -0.000000000537990985094438656233251094818115234375, -0.466742455959320068359375, 0, 0.000000004985955204261927065090276300907135009765625, 1, 0.0000000082948421464834609651006758213043212890625, 0, 0.466742455959320068359375, -0.0000000096630596857494310825131833553314208984375, 0.88439333438873291015625, 0, 0.00785278342664241790771484375, -0.0000000762939436071974341757595539093017578125, 0.0205474793910980224609375, 1, },
			{ 0.877854764461517333984375, -0.0000000004843077050509236869402229785919189453125, -0.4789269864559173583984375, 0, 0.0000000051838444647955839172936975955963134765625, 1, 0.000000008490548708550704759545624256134033203125, 0, 0.4789269864559173583984375, -0.00000000993615145716830738820135593414306640625, 0.877854764461517333984375, 0, 0.009934539906680583953857421875, -0.0000000762939436071974341757595539093017578125, 0.01893516071140766143798828125, 1, },
			{ 0.870995998382568359375, -0.0000000004255209518078117980621755123138427734375, -0.491290152072906494140625, 0, 0.0000000053889497309000944369472563266754150390625, 1, 0.00000000868779803653296767151914536952972412109375, 0, 0.491290152072906494140625, -0.00000001021457496364064354565925896167755126953125, 0.870995998382568359375, 0, 0.0121150203049182891845703125, -0.0000000762939436071974341757595539093017578125, 0.01725570298731327056884765625, 1, },
			{ 0.86376321315765380859375, -0.0000000003609894605460794991813600063323974609375, -0.50389778614044189453125, 0, 0.0000000056026951966714477748610079288482666015625, 1, 0.0000000088875378168040697346441447734832763671875, 0, 0.50389778614044189453125, -0.000000010499913827288764878176152706146240234375, 0.86376321315765380859375, 0, 0.01429550163447856903076171875, -0.0000000762939436071974341757595539093017578125, 0.015576167963445186614990234375, 1, },
			{ 0.85622441768646240234375, -0.0000000002911501872926436362831736914813518524169921875, -0.51660406589508056640625, 0, 0.00000000582291459494399532559327781200408935546875, 1, 0.0000000090873637503818827099166810512542724609375, 0, 0.51660406589508056640625, -0.00000001078896172401755393366329371929168701171875, 0.85622441768646240234375, 0, 0.01643554680049419403076171875, -0.0000000762939436071974341757595539093017578125, 0.013924251310527324676513671875, 1, },
			{ 0.84896981716156005859375, -0.00000000022163959556564805097877979278564453125, -0.528441250324249267578125, 0, 0.0000000060325202611011263797990977764129638671875, 1, 0.000000009272152823314172565005719661712646484375, 0, 0.528441250324249267578125, -0.000000011059608340246995794586837291717529296875, 0.84896981716156005859375, 0, 0.01857543922960758209228515625, -0.0000000762939436071974341757595539093017578125, 0.012272411026060581207275390625, 1, },
			{ 0.842773258686065673828125, -0.0000000001605844346386220422573387622833251953125, -0.538268864154815673828125, 0, 0.00000000620988327426630348782055079936981201171875, 1, 0.0000000094245411474958018516190350055694580078125, 0, 0.538268864154815673828125, -0.0000000112853353329001038218848407268524169921875, 0.842773258686065673828125, 0, 0.02061141841113567352294921875, -0.0000000762939436071974341757595539093017578125, 0.01069106720387935638427734375, 1, },
			{ 0.83845174312591552734375, -0.0000000001171400754174101166427135467529296875, -0.544975757598876953125, 0, 0.000000006332703694766905755386687815189361572265625, 1, 0.0000000095279926171087936381809413433074951171875, 0, 0.544975757598876953125, -0.000000011439933444989947020076215267181396484375, 0.83845174312591552734375, 0, 0.02285491861402988433837890625, -0.0000000762939436071974341757595539093017578125, 0.00941489636898040771484375, 1, },
			{ 0.836832344532012939453125, -0.000000000100682122361472892180245253257453441619873046875, -0.547459304332733154296875, 0, 0.0000000063785581261299739708192646503448486328125, 1, 0.0000000095661878418695778236724436283111572265625, 0, 0.547459304332733154296875, -0.0000000114972937836910205078311264514923095703125, 0.836832344532012939453125, 0, 0.0249511711299419403076171875, -0.0000000762939436071974341757595539093017578125, 0.00823890231549739837646484375, 1, },
			{ 0.8368380069732666015625, -0.0000000001007425254329064046032726764678955078125, -0.54745066165924072265625, 0, 0.00000000637839558947916884790174663066864013671875, 1, 0.0000000095660528387497834046371281147003173828125, 0, 0.54745066165924072265625, -0.00000001149709305536816827952861785888671875, 0.8368380069732666015625, 0, 0.02704711817204952239990234375, -0.0000000762939436071974341757595539093017578125, 0.0070629832334816455841064453125, 1, },
			{ 0.8368437290191650390625, -0.0000000001007993688517672126181423664093017578125, -0.547441959381103515625, 0, 0.0000000063782348291852031252346932888031005859375, 1, 0.000000009565919611986828385852277278900146484375, 0, 0.547441959381103515625, -0.0000000114968923270453160512261092662811279296875, 0.8368437290191650390625, 0, 0.028968505561351776123046875, -0.0000000762939436071974341757595539093017578125, 0.0060057020746171474456787109375, 1, },
			{ 0.836870729923248291015625, -0.00000000010107470416187425144016742706298828125, -0.547400653362274169921875, 0, 0.0000000063774709957442610175348818302154541015625, 1, 0.0000000095652854525951624964363873004913330078125, 0, 0.547400653362274169921875, -0.00000001149593575888729901635088026523590087890625, 0.836870729923248291015625, 0, 0.030889891088008880615234375, -0.0000000762939436071974341757595539093017578125, 0.00494857318699359893798828125, 1, },
			{ 0.83692324161529541015625, -0.000000000101611156988479223173271748237311840057373046875, -0.547320187091827392578125, 0, 0.000000006375983740980473157833330333232879638671875, 1, 0.0000000095640491082349399221129715442657470703125, 0, 0.547320187091827392578125, -0.0000000114940785778117060544900596141815185546875, 0.83692324161529541015625, 0, 0.0326245091855525970458984375, -0.0000000762939436071974341757595539093017578125, 0.0040180920623242855072021484375, 1, },
			{ 0.83701002597808837890625, -0.00000000010249578963339445181190967559814453125, -0.5471875667572021484375, 0, 0.000000006373528815828422011691145598888397216796875, 1, 0.0000000095620098505833084345795214176177978515625, 0, 0.5471875667572021484375, -0.000000011491014362263740622438490390777587890625, 0.83701002597808837890625, 0, 0.034359283745288848876953125, -0.0000000762939436071974341757595539093017578125, 0.003087763674557209014892578125, 1, },
			{ 0.8380081653594970703125, -0.00000000011264233990004868246614933013916015625, -0.54565775394439697265625, 0, 0.0000000063452763043869708781130611896514892578125, 1, 0.0000000095384873333159703179262578487396240234375, 0, 0.54565775394439697265625, -0.00000001145567818383597114006988704204559326171875, 0.8380081653594970703125, 0, 0.0359442122280597686767578125, -0.0000000762939436071974341757595539093017578125, 0.00225913524627685546875, 1, },
			{ 0.84039866924285888671875, -0.00000000013680079291589208878576755523681640625, -0.54196870326995849609375, 0, 0.0000000062774585529723481158725917339324951171875, 1, 0.00000000948166434255881540593691170215606689453125, 0, 0.54196870326995849609375, -0.000000011370563157697688438929617404937744140625, 0.84039866924285888671875, 0, 0.03752899169921875, -0.0000000762939436071974341757595539093017578125, 0.00143058295361697673797607421875, 1, },
			{ 0.84359443187713623046875, -0.0000000001687627815272207953967154026031494140625, -0.5369808673858642578125, 0, 0.000000006186461565249601335381157696247100830078125, 1, 0.00000000940462285825560684315860271453857421875, 0, 0.5369808673858642578125, -0.0000000112556985953915500431321561336517333984375, 0.84359443187713623046875, 0, 0.03919219970703125, -0.0000000762939436071974341757595539093017578125, 0.0005487012676894664764404296875, 1, },
			{ 0.847019255161285400390625, -0.00000000020258282551477435617925948463380336761474609375, -0.53156220912933349609375, 0, 0.000000006088512360946651824633590877056121826171875, 1, 0.0000000093206491413866388029418885707855224609375, 0, 0.53156220912933349609375, -0.00000001113119107998272738768719136714935302734375, 0.847019255161285400390625, 0, 0.040855102241039276123046875, -0.0000000762939436071974341757595539093017578125, -0.0003328752354718744754791259765625, 1, },
			{ 0.850117206573486328125, -0.00000000023277733907089981357785291038453578948974609375, -0.526593625545501708984375, 0, 0.0000000059995155510250697261653840541839599609375, 1, 0.000000009243397158797961310483515262603759765625, 0, 0.526593625545501708984375, -0.0000000110172759804072484257631003856658935546875, 0.850117206573486328125, 0, 0.0428474433720111846923828125, -0.0000000762939436071974341757595539093017578125, -0.001438374514691531658172607421875, 1, },
			{ 0.8525218963623046875, -0.0000000002559463752049850882031023502349853515625, -0.52269160747528076171875, 0, 0.000000005930165247747254397836513817310333251953125, 1, 0.00000000918256404247586033307015895843505859375, 0, 0.52269160747528076171875, -0.0000000109279820748042766354046761989593505859375, 0.8525218963623046875, 0, 0.0448397807776927947998046875, -0.0000000762939436071974341757595539093017578125, -0.00254379748366773128509521484375, 1, },
			{ 0.854550302028656005859375, -0.0000000002753051120407690177671611309051513671875, -0.519368588924407958984375, 0, 0.00000000587147841457635877304710447788238525390625, 1, 0.000000009130641132060191011987626552581787109375, 0, 0.519368588924407958984375, -0.00000001085205081352569322916679084300994873046875, 0.854550302028656005859375, 0, 0.0468469224870204925537109375, -0.0000000762939436071974341757595539093017578125, -0.00365929119288921356201171875, 1, },
			{ 0.856677353382110595703125, -0.0000000002954170241764586535282433032989501953125, -0.5158526897430419921875, 0, 0.0000000058097544552992985700257122516632080078125, 1, 0.000000009075588280893498449586331844329833984375, 0, 0.5158526897430419921875, -0.000000010771827874123118817806243896484375, 0.856677353382110595703125, 0, 0.0488540641963481903076171875, -0.0000000762939436071974341757595539093017578125, -0.004774861037731170654296875, 1, },
			{ 0.859364211559295654296875, -0.0000000003205453680266145966015756130218505859375, -0.511363983154296875, 0, 0.0000000057315023838100387365557253360748291015625, 1, 0.000000009005137968642884516157209873199462890625, 0, 0.511363983154296875, -0.00000001066957455719830250018276274204254150390625, 0.859364211559295654296875, 0, 0.050047300755977630615234375, -0.0000000762939436071974341757595539093017578125, -0.0043796584941446781158447265625, 1, },
			{ 0.863054096698760986328125, -0.000000000354528850721180788241326808929443359375, -0.505111634731292724609375, 0, 0.0000000056235212042565763113088905811309814453125, 1, 0.000000008906692272603322635404765605926513671875, 0, 0.505111634731292724609375, -0.000000010527461569154183962382376194000244140625, 0.863054096698760986328125, 0, 0.051240384578704833984375, -0.0000000762939436071974341757595539093017578125, -0.003984532319009304046630859375, 1, },
			{ 0.86805438995361328125, -0.000000000399580812882049940526485443115234375, -0.496468961238861083984375, 0, 0.0000000054761830625693619367666542530059814453125, 1, 0.000000008770019377379867364652454853057861328125, 0, 0.496468961238861083984375, -0.0000000103316093458261093473993241786956787109375, 0.86805438995361328125, 0, 0.051749877631664276123046875, -0.0000000762939436071974341757595539093017578125, -0.00459579937160015106201171875, 1, },
			{ 0.87422549724578857421875, -0.0000000004535056774557233438827097415924072265625, -0.4855202138423919677734375, 0, 0.00000000529267740745353876263834536075592041015625, 1, 0.0000000085959097617660518153570592403411865234375, 0, 0.4855202138423919677734375, -0.0000000100844648187603525002487003803253173828125, 0.87422549724578857421875, 0, 0.0522590614855289459228515625, -0.0000000762939436071974341757595539093017578125, -0.005207066424190998077392578125, 1, },
			{ 0.8813152313232421875, -0.0000000005130171842893105349503457546234130859375, -0.4725289046764373779296875, 0, 0.00000000507941333438566289260052144527435302734375, 1, 0.0000000083879445611501068924553692340850830078125, 0, 0.4725289046764373779296875, -0.0000000097925916264784973463974893093109130859375, 0.8813152313232421875, 0, 0.051931150257587432861328125, -0.0000000762939436071974341757595539093017578125, -0.0052494094707071781158447265625, 1, },
			{ 0.889074146747589111328125, -0.000000000574903680217175860889256000518798828125, -0.457763254642486572265625, 0, 0.00000000484277418166811912669800221920013427734375, 1, 0.00000000814980438690326991491019725799560546875, 0, 0.457763254642486572265625, -0.0000000094626226854188644210807979106903076171875, 0.889074146747589111328125, 0, 0.05160339176654815673828125, -0.0000000762939436071974341757595539093017578125, -0.0052919052541255950927734375, 1, },
			{ 0.897261798381805419921875, -0.000000000636166619383260467657237313687801361083984375, -0.4414989054203033447265625, 0, 0.00000000458901983080295394756831228733062744140625, 1, 0.00000000788536880236279102973639965057373046875, 0, 0.4414989054203033447265625, -0.00000000910128772346752157318405807018280029296875, 0.897261798381805419921875, 0, 0.051275633275508880615234375, -0.0000000762939436071974341757595539093017578125, -0.0053343246690928936004638671875, 1, },
			{ 0.9056518077850341796875, -0.00000000069415051484611467458307743072509765625, -0.424022138118743896484375, 0, 0.000000004324195668203856257605366408824920654296875, 1, 0.000000007598810469744421425275504589080810546875, 0, 0.424022138118743896484375, -0.0000000087154301553482582676224410533905029296875, 0.9056518077850341796875, 0, 0.0509477220475673675537109375, -0.0000000762939436071974341757595539093017578125, -0.005376744084060192108154296875, 1, },
			{ 0.91403675079345703125, -0.000000000746627648595676873810589313507080078125, -0.4056312143802642822265625, 0, 0.0000000040540601986549518187530338764190673828125, 1, 0.000000007294633785903670286643318831920623779296875, 0, 0.4056312143802642822265625, -0.0000000083120159644067825865931808948516845703125, 0.91403675079345703125, 0, 0.0506199635565280914306640625, -0.0000000762939436071974341757595539093017578125, -0.0054190871305763721466064453125, 1, },
			{ 0.92223203182220458984375, -0.000000000791883836281925823641358874738216400146484375, -0.3866369724273681640625, 0, 0.0000000037840077737882893416099250316619873046875, 1, 0.000000006977727284862567103118635714054107666015625, 0, 0.3866369724273681640625, -0.000000007898119491756006027571856975555419921875, 0.92223203182220458984375, 0, 0.0502922050654888153076171875, -0.0000000762939436071974341757595539093017578125, -0.00546158291399478912353515625, 1, },
			{ 0.93007767200469970703125, -0.000000000828759283422186854295432567596435546875, -0.36736285686492919921875, 0, 0.0000000035190197422707569785416126251220703125, 1, 0.000000006653368078701760168769396841526031494140625, 0, 0.36736285686492919921875, -0.000000007480906560886069200932979583740234375, 0.93007767200469970703125, 0, 0.04996429383754730224609375, -0.0000000762939436071974341757595539093017578125, -0.0055040023289620876312255859375, 1, },
			{ 0.937441170215606689453125, -0.0000000008566853892943981918506324291229248046875, -0.3481437265872955322265625, 0, 0.0000000032636326974255780442035757005214691162109375, 1, 0.000000006327213863954739281325601041316986083984375, 0, 0.3481437265872955322265625, -0.000000007067604723687281875754706561565399169921875, 0.937441170215606689453125, 0, 0.0495028682053089141845703125, -0.0000000762939436071974341757595539093017578125, -0.005743107758462429046630859375, 1, },
			{ 0.94423806667327880859375, -0.0000000008757155001148930750787258148193359375, -0.329263389110565185546875, 0, 0.0000000030211513291078517795540392398834228515625, 1, 0.00000000600422556118473949027247726917266845703125, 0, 0.329263389110565185546875, -0.00000000666417321326662204228341579437255859375, 0.94423806667327880859375, 0, 0.049041442573070526123046875, -0.0000000762939436071974341757595539093017578125, -0.00598228909075260162353515625, 1, },
			{ 0.950486481189727783203125, -0.000000000886458850768434558631270192563533782958984375, -0.3107658922672271728515625, 0, 0.0000000027914897060554721974767744541168212890625, 1, 0.000000005685355741746889179921709001064300537109375, 0, 0.3107658922672271728515625, -0.000000006271352770426119604962877929210662841796875, 0.950486481189727783203125, 0, 0.0485800169408321380615234375, -0.0000000762939436071974341757595539093017578125, -0.0062213181518018245697021484375, 1, },
			{ 0.956224918365478515625, -0.0000000008895479908233028254471719264984130859375, -0.292632520198822021484375, 0, 0.0000000025737900699596139020286500453948974609375, 1, 0.00000000537047295523507273173891007900238037109375, 0, 0.292632520198822021484375, -0.000000005888555421051933080889284610748291015625, 0.956224918365478515625, 0, 0.0481184385716915130615234375, -0.0000000762939436071974341757595539093017578125, -0.006460347212851047515869140625, 1, },
			{ 0.96148931980133056640625, -0.0000000008855440825072946608997881412506103515625, -0.27484238147735595703125, 0, 0.00000000236724417845834977924823760986328125, 1, 0.000000005059387131467474318924359977245330810546875, 0, 0.27484238147735595703125, -0.00000000551516610158842013333924114704132080078125, 0.96148931980133056640625, 0, 0.047657012939453125, -0.0000000762939436071974341757595539093017578125, -0.006699375808238983154296875, 1, },
			{ 0.96631228923797607421875, -0.0000000008749481139602721668779850006103515625, -0.257372677326202392578125, 0, 0.0000000021710864217538983211852610111236572265625, 1, 0.000000004751853577289466556976549327373504638671875, 0, 0.257372677326202392578125, -0.000000005150553317179173973272554576396942138671875, 0.96631228923797607421875, 0, 0.0470338426530361175537109375, -0.0000000762939436071974341757595539093017578125, -0.0071766707114875316619873046875, 1, },
			{ 0.97072374820709228515625, -0.0000000008581881871805308037437498569488525390625, -0.24019896984100341796875, 0, 0.0000000019845938226126236259005963802337646484375, 1, 0.000000004447578749733338554506190121173858642578125, 0, 0.24019896984100341796875, -0.000000004794068697577813509269617497920989990234375, 0.97072374820709228515625, 0, 0.0464105196297168731689453125, -0.0000000762939436071974341757595539093017578125, -0.0076538897119462490081787109375, 1, },
			{ 0.97475087642669677734375, -0.000000000835630176165835791834979318082332611083984375, -0.22329498827457427978515625, 0, 0.00000000180708781272187479771673679351806640625, 1, 0.000000004146220700107505763298831880092620849609375, 0, 0.22329498827457427978515625, -0.000000004445047441237193197594024240970611572265625, 0.97475087642669677734375, 0, 0.044900357723236083984375, -0.0000000762939436071974341757595539093017578125, -0.007528462447226047515869140625, 1, },
