function data()
return { 
		times = { 0, 41.667000000000001591615728102624416351318359375, 83.332999999999998408384271897375583648681640625, 125, 166.667000000000001591615728102624416351318359375, 208.332999999999998408384271897375583648681640625, 250, 291.66699999999997316990629769861698150634765625, 333.33300000000002683009370230138301849365234375, 375, 416.66699999999997316990629769861698150634765625, 458.33300000000002683009370230138301849365234375, 500, 541.6670000000000300133251585066318511962890625, 583.3329999999999699866748414933681488037109375, 625, 666.6670000000000300133251585066318511962890625, 708.3329999999999699866748414933681488037109375, 750, 791.6670000000000300133251585066318511962890625, 833.3329999999999699866748414933681488037109375, 875, 916.6670000000000300133251585066318511962890625, 958.3329999999999699866748414933681488037109375, 1000, 1041.66699999999991632648743689060211181640625, 1083.33300000000008367351256310939788818359375, 1125, 1166.66699999999991632648743689060211181640625, 1208.33300000000008367351256310939788818359375, 1250, 1291.66699999999991632648743689060211181640625, 1333.33300000000008367351256310939788818359375, 1375, 1416.66699999999991632648743689060211181640625, 1458.33300000000008367351256310939788818359375, 1500, 1541.66699999999991632648743689060211181640625, 1583.33300000000008367351256310939788818359375, 1625, 1666.66699999999991632648743689060211181640625, 1708.33300000000008367351256310939788818359375, 1750, 1791.66699999999991632648743689060211181640625, 1833.33300000000008367351256310939788818359375, 1875, 1916.66699999999991632648743689060211181640625, 1958.33300000000008367351256310939788818359375, 2000, 2041.66699999999991632648743689060211181640625, 2083.33300000000008367351256310939788818359375, 2125, 2166.66699999999991632648743689060211181640625, 2208.33300000000008367351256310939788818359375, 2250, 2291.66699999999991632648743689060211181640625, 2333.33300000000008367351256310939788818359375, 2375, 2416.66699999999991632648743689060211181640625, 2458.33300000000008367351256310939788818359375, 2500, 2541.66699999999991632648743689060211181640625, 2583.33300000000008367351256310939788818359375, 2625, 2666.66699999999991632648743689060211181640625, 2708.33300000000008367351256310939788818359375, 2750, 2791.66699999999991632648743689060211181640625, 2833.33300000000008367351256310939788818359375, 2875, 2916.66699999999991632648743689060211181640625, 2958.33300000000008367351256310939788818359375, 3000, 3041.66699999999991632648743689060211181640625, 3083.33300000000008367351256310939788818359375, 3125, 3166.66699999999991632648743689060211181640625, 3208.33300000000008367351256310939788818359375, 3250, 3291.66699999999991632648743689060211181640625, 3333.33300000000008367351256310939788818359375, 3375, 3416.66699999999991632648743689060211181640625, 3458.33300000000008367351256310939788818359375, 3500, 3541.66699999999991632648743689060211181640625, 3583.33300000000008367351256310939788818359375, 3625, 3666.66699999999991632648743689060211181640625, 3708.33300000000008367351256310939788818359375, 3750, 3791.66699999999991632648743689060211181640625, 3833.33300000000008367351256310939788818359375, 3875, 3916.66699999999991632648743689060211181640625, 3958.33300000000008367351256310939788818359375, 4000, 4041.66699999999991632648743689060211181640625, 4083.33300000000008367351256310939788818359375, 4125, 4166.6670000000003710738383233547210693359375, },
		transfs = {
			{ 1, 0, 0, 0, 0, 1, 0, 0, 0, 0, 1, 0, 0, 0, 0, 1, },
			{ 0.998026669025421142578125, 0, -0.06279052793979644775390625, 0, 0, 1, 0, 0, 0.06279052793979644775390625, 0, 0.998026669025421142578125, 0, 0, 0, 0, 1, },
			{ 0.99211466312408447265625, 0, -0.12533323466777801513671875, 0, 0, 1, 0, 0, 0.12533323466777801513671875, 0, 0.99211466312408447265625, 0, 0, 0, 0, 1, },
			{ 0.982287228107452392578125, 0, -0.18738138675689697265625, 0, 0, 1, 0, 0, 0.18738138675689697265625, 0, 0.982287228107452392578125, 0, 0, 0, 0, 1, },
			{ 0.96858310699462890625, 0, -0.2486899197101593017578125, 0, 0, 1, 0, 0, 0.2486899197101593017578125, 0, 0.96858310699462890625, 0, 0, 0, 0, 1, },
			{ 0.95105648040771484375, 0, -0.3090170323848724365234375, 0, 0, 1, 0, 0, 0.3090170323848724365234375, 0, 0.95105648040771484375, 0, 0, 0, 0, 1, },
			{ 0.929776489734649658203125, 0, -0.3681245148181915283203125, 0, 0, 1, 0, 0, 0.3681245148181915283203125, 0, 0.929776489734649658203125, 0, 0, 0, 0, 1, },
			{ 0.90482699871063232421875, 0, -0.4257793426513671875, 0, 0, 1, 0, 0, 0.4257793426513671875, 0, 0.90482699871063232421875, 0, 0, 0, 0, 1, },
			{ 0.87630665302276611328125, 0, -0.481753647327423095703125, 0, 0, 1, 0, 0, 0.481753647327423095703125, 0, 0.87630665302276611328125, 0, 0, 0, 0, 1, },
			{ 0.8443279266357421875, 0, -0.53582668304443359375, 0, 0, 1, 0, 0, 0.53582668304443359375, 0, 0.8443279266357421875, 0, 0, 0, 0, 1, },
			{ 0.8090169429779052734375, 0, -0.58778536319732666015625, 0, 0, 1, 0, 0, 0.58778536319732666015625, 0, 0.8090169429779052734375, 0, 0, 0, 0, 1, },
			{ 0.77051317691802978515625, 0, -0.637423992156982421875, 0, 0, 1, 0, 0, 0.637423992156982421875, 0, 0.77051317691802978515625, 0, 0, 0, 0, 1, },
			{ 0.72896862030029296875, 0, -0.684547126293182373046875, 0, 0, 1, 0, 0, 0.684547126293182373046875, 0, 0.72896862030029296875, 0, 0, 0, 0, 1, },
			{ 0.684546887874603271484375, 0, -0.72896873950958251953125, 0, 0, 1, 0, 0, 0.72896873950958251953125, 0, 0.684546887874603271484375, 0, 0, 0, 0, 1, },
			{ 0.6374237537384033203125, 0, -0.77051341533660888671875, 0, 0, 1, 0, 0, 0.77051341533660888671875, 0, 0.6374237537384033203125, 0, 0, 0, 0, 1, },
			{ 0.587785243988037109375, 0, -0.809017002582550048828125, 0, 0, 1, 0, 0, 0.809017002582550048828125, 0, 0.587785243988037109375, 0, 0, 0, 0, 1, },
			{ 0.53582656383514404296875, 0, -0.844328105449676513671875, 0, 0, 1, 0, 0, 0.844328105449676513671875, 0, 0.53582656383514404296875, 0, 0, 0, 0, 1, },
			{ 0.4817536175251007080078125, 0, -0.87630665302276611328125, 0, 0, 1, 0, 0, 0.87630665302276611328125, 0, 0.4817536175251007080078125, 0, 0, 0, 0, 1, },
			{ 0.4257791340351104736328125, 0, -0.904827117919921875, 0, 0, 1, 0, 0, 0.904827117919921875, 0, 0.4257791340351104736328125, 0, 0, 0, 0, 1, },
			{ 0.3681243956089019775390625, 0, -0.929776489734649658203125, 0, 0, 1, 0, 0, 0.929776489734649658203125, 0, 0.3681243956089019775390625, 0, 0, 0, 0, 1, },
			{ 0.3090168535709381103515625, 0, -0.951056540012359619140625, 0, 0, 1, 0, 0, 0.951056540012359619140625, 0, 0.3090168535709381103515625, 0, 0, 0, 0, 1, },
			{ 0.2486896514892578125, 0, -0.96858322620391845703125, 0, 0, 1, 0, 0, 0.96858322620391845703125, 0, 0.2486896514892578125, 0, 0, 0, 0, 1, },
			{ 0.18738110363483428955078125, 0, -0.982287228107452392578125, 0, 0, 1, 0, 0, 0.982287228107452392578125, 0, 0.18738110363483428955078125, 0, 0, 0, 0, 1, },
			{ 0.12533317506313323974609375, 0, -0.99211466312408447265625, 0, 0, 1, 0, 0, 0.99211466312408447265625, 0, 0.12533317506313323974609375, 0, 0, 0, 0, 1, },
			{ 0.062790490686893463134765625, 0, -0.998026669025421142578125, 0, 0, 1, 0, 0, 0.998026669025421142578125, 0, 0.062790490686893463134765625, 0, 0, 0, 0, 1, },
			{ -0.0000001331580534724707831628620624542236328125, 0, -1, 0, 0, 1, 0, 0, 1, 0, -0.0000001331580534724707831628620624542236328125, 0, 0, 0, 0, 1, },
			{ -0.062790758907794952392578125, 0, -0.998026669025421142578125, 0, 0, 1, 0, 0, 0.998026669025421142578125, 0, -0.062790758907794952392578125, 0, 0, 0, 0, 1, },
			{ -0.125333309173583984375, 0, -0.99211466312408447265625, 0, 0, 1, 0, 0, 0.99211466312408447265625, 0, -0.125333309173583984375, 0, 0, 0, 0, 1, },
			{ -0.18738162517547607421875, 0, -0.9822871685028076171875, 0, 0, 1, 0, 0, 0.9822871685028076171875, 0, -0.18738162517547607421875, 0, 0, 0, 0, 1, },
			{ -0.24868978559970855712890625, 0, -0.96858310699462890625, 0, 0, 1, 0, 0, 0.96858310699462890625, 0, -0.24868978559970855712890625, 0, 0, 0, 0, 1, },
			{ -0.309017002582550048828125, 0, -0.951056540012359619140625, 0, 0, 1, 0, 0, 0.951056540012359619140625, 0, -0.309017002582550048828125, 0, 0, 0, 0, 1, },
			{ -0.368124663829803466796875, 0, -0.929776370525360107421875, 0, 0, 1, 0, 0, 0.929776370525360107421875, 0, -0.368124663829803466796875, 0, 0, 0, 0, 1, },
			{ -0.4257791340351104736328125, 0, -0.904827117919921875, 0, 0, 1, 0, 0, 0.904827117919921875, 0, -0.4257791340351104736328125, 0, 0, 0, 0, 1, },
			{ -0.4817537963390350341796875, 0, -0.8763065338134765625, 0, 0, 1, 0, 0, 0.8763065338134765625, 0, -0.4817537963390350341796875, 0, 0, 0, 0, 1, },
			{ -0.5358269214630126953125, 0, -0.84432780742645263671875, 0, 0, 1, 0, 0, 0.84432780742645263671875, 0, -0.5358269214630126953125, 0, 0, 0, 0, 1, },
			{ -0.58778536319732666015625, 0, -0.8090169429779052734375, 0, 0, 1, 0, 0, 0.8090169429779052734375, 0, -0.58778536319732666015625, 0, 0, 0, 0, 1, },
			{ -0.63742387294769287109375, 0, -0.770513355731964111328125, 0, 0, 1, 0, 0, 0.770513355731964111328125, 0, -0.63742387294769287109375, 0, 0, 0, 0, 1, },
			{ -0.68454706668853759765625, 0, -0.728968679904937744140625, 0, 0, 1, 0, 0, 0.728968679904937744140625, 0, -0.68454706668853759765625, 0, 0, 0, 0, 1, },
			{ -0.728968679904937744140625, 0, -0.68454706668853759765625, 0, 0, 1, 0, 0, 0.68454706668853759765625, 0, -0.728968679904937744140625, 0, 0, 0, 0, 1, },
			{ -0.770513355731964111328125, 0, -0.63742387294769287109375, 0, 0, 1, 0, 0, 0.63742387294769287109375, 0, -0.770513355731964111328125, 0, 0, 0, 0, 1, },
			{ -0.809017002582550048828125, 0, -0.587785243988037109375, 0, 0, 1, 0, 0, 0.587785243988037109375, 0, -0.809017002582550048828125, 0, 0, 0, 0, 1, },
			{ -0.844327986240386962890625, 0, -0.53582668304443359375, 0, 0, 1, 0, 0, 0.53582668304443359375, 0, -0.844327986240386962890625, 0, 0, 0, 0, 1, },
			{ -0.8763067722320556640625, 0, -0.48175346851348876953125, 0, 0, 1, 0, 0, 0.48175346851348876953125, 0, -0.8763067722320556640625, 0, 0, 0, 0, 1, },
			{ -0.90482699871063232421875, 0, -0.4257792532444000244140625, 0, 0, 1, 0, 0, 0.4257792532444000244140625, 0, -0.90482699871063232421875, 0, 0, 0, 0, 1, },
			{ -0.929776489734649658203125, 0, -0.3681243956089019775390625, 0, 0, 1, 0, 0, 0.3681243956089019775390625, 0, -0.929776489734649658203125, 0, 0, 0, 0, 1, },
			{ -0.951056540012359619140625, 0, -0.309016704559326171875, 0, 0, 1, 0, 0, 0.309016704559326171875, 0, -0.951056540012359619140625, 0, 0, 0, 0, 1, },
			{ -0.96858310699462890625, 0, -0.24868978559970855712890625, 0, 0, 1, 0, 0, 0.24868978559970855712890625, 0, -0.96858310699462890625, 0, 0, 0, 0, 1, },
			{ -0.982287228107452392578125, 0, -0.18738110363483428955078125, 0, 0, 1, 0, 0, 0.18738110363483428955078125, 0, -0.982287228107452392578125, 0, 0, 0, 0, 1, },
			{ -0.99211466312408447265625, 0, -0.12533317506313323974609375, 0, 0, 1, 0, 0, 0.12533317506313323974609375, 0, -0.99211466312408447265625, 0, 0, 0, 0, 1, },
			{ -0.998026669025421142578125, 0, -0.062790095806121826171875, 0, 0, 1, 0, 0, 0.062790095806121826171875, 0, -0.998026669025421142578125, 0, 0, 0, 0, 1, },
			{ -1, 0, 0.000000266316106944941566325724124908447265625, 0, 0, 1, 0, 0, -0.000000266316106944941566325724124908447265625, 0, -1, 0, 0, 0, 0, 1, },
			{ -0.998026669025421142578125, 0, 0.06279115378856658935546875, 0, 0, 1, 0, 0, -0.06279115378856658935546875, 0, -0.998026669025421142578125, 0, 0, 0, 0, 1, },
			{ -0.99211466312408447265625, 0, 0.12533371150493621826171875, 0, 0, 1, 0, 0, -0.12533371150493621826171875, 0, -0.99211466312408447265625, 0, 0, 0, 0, 1, },
			{ -0.982287228107452392578125, 0, 0.18738137185573577880859375, 0, 0, 1, 0, 0, -0.18738137185573577880859375, 0, -0.982287228107452392578125, 0, 0, 0, 0, 1, },
			{ -0.968583047389984130859375, 0, 0.24869029223918914794921875, 0, 0, 1, 0, 0, -0.24869029223918914794921875, 0, -0.968583047389984130859375, 0, 0, 0, 0, 1, },
			{ -0.951056540012359619140625, 0, 0.309017002582550048828125, 0, 0, 1, 0, 0, -0.309017002582550048828125, 0, -0.951056540012359619140625, 0, 0, 0, 0, 1, },
			{ -0.929776370525360107421875, 0, 0.368124902248382568359375, 0, 0, 1, 0, 0, -0.368124902248382568359375, 0, -0.929776370525360107421875, 0, 0, 0, 0, 1, },
			{ -0.904826939105987548828125, 0, 0.4257794916629791259765625, 0, 0, 1, 0, 0, -0.4257794916629791259765625, 0, -0.904826939105987548828125, 0, 0, 0, 0, 1, },
			{ -0.8763065338134765625, 0, 0.48175394535064697265625, 0, 0, 1, 0, 0, -0.48175394535064697265625, 0, -0.8763065338134765625, 0, 0, 0, 0, 1, },
			{ -0.844327628612518310546875, 0, 0.535827159881591796875, 0, 0, 1, 0, 0, -0.535827159881591796875, 0, -0.844327628612518310546875, 0, 0, 0, 0, 1, },
			{ -0.809017002582550048828125, 0, 0.587785243988037109375, 0, 0, 1, 0, 0, -0.587785243988037109375, 0, -0.809017002582550048828125, 0, 0, 0, 0, 1, },
			{ -0.77051317691802978515625, 0, 0.637424051761627197265625, 0, 0, 1, 0, 0, -0.637424051761627197265625, 0, -0.77051317691802978515625, 0, 0, 0, 0, 1, },
			{ -0.72896850109100341796875, 0, 0.684547245502471923828125, 0, 0, 1, 0, 0, -0.684547245502471923828125, 0, -0.72896850109100341796875, 0, 0, 0, 0, 1, },
			{ -0.684546887874603271484375, 0, 0.7289688587188720703125, 0, 0, 1, 0, 0, -0.7289688587188720703125, 0, -0.684546887874603271484375, 0, 0, 0, 0, 1, },
			{ -0.637423455715179443359375, 0, 0.770513713359832763671875, 0, 0, 1, 0, 0, -0.770513713359832763671875, 0, -0.637423455715179443359375, 0, 0, 0, 0, 1, },
			{ -0.5877854824066162109375, 0, 0.80901682376861572265625, 0, 0, 1, 0, 0, -0.80901682376861572265625, 0, -0.5877854824066162109375, 0, 0, 0, 0, 1, },
			{ -0.535826265811920166015625, 0, 0.84432828426361083984375, 0, 0, 1, 0, 0, -0.84432828426361083984375, 0, -0.535826265811920166015625, 0, 0, 0, 0, 1, },
			{ -0.48175394535064697265625, 0, 0.8763065338134765625, 0, 0, 1, 0, 0, -0.8763065338134765625, 0, -0.48175394535064697265625, 0, 0, 0, 0, 1, },
			{ -0.4257790148258209228515625, 0, 0.904827177524566650390625, 0, 0, 1, 0, 0, -0.904827177524566650390625, 0, -0.4257790148258209228515625, 0, 0, 0, 0, 1, },
			{ -0.368124663829803466796875, 0, 0.929776370525360107421875, 0, 0, 1, 0, 0, -0.929776370525360107421875, 0, -0.368124663829803466796875, 0, 0, 0, 0, 1, },
			{ -0.30901622772216796875, 0, 0.9510567188262939453125, 0, 0, 1, 0, 0, -0.9510567188262939453125, 0, -0.30901622772216796875, 0, 0, 0, 0, 1, },
			{ -0.2486900389194488525390625, 0, 0.96858310699462890625, 0, 0, 1, 0, 0, -0.96858310699462890625, 0, -0.2486900389194488525390625, 0, 0, 0, 0, 1, },
			{ -0.18738162517547607421875, 0, 0.9822871685028076171875, 0, 0, 1, 0, 0, -0.9822871685028076171875, 0, -0.18738162517547607421875, 0, 0, 0, 0, 1, },
			{ -0.12533344328403472900390625, 0, 0.99211466312408447265625, 0, 0, 1, 0, 0, -0.99211466312408447265625, 0, -0.12533344328403472900390625, 0, 0, 0, 0, 1, },
			{ -0.062790624797344207763671875, 0, 0.998026669025421142578125, 0, 0, 1, 0, 0, -0.998026669025421142578125, 0, -0.062790624797344207763671875, 0, 0, 0, 0, 1, },
			{ -0.0000000000000001836970014179955764700713505277462900266982614994, 0, 1, 0, 0, 1, 0, 0, -1, 0, -0.0000000000000001836970014179955764700713505277462900266982614994, 0, 0, 0, 0, 1, },
			{ 0.062790624797344207763671875, 0, 0.998026669025421142578125, 0, 0, 1, 0, 0, -0.998026669025421142578125, 0, 0.062790624797344207763671875, 0, 0, 0, 0, 1, },
			{ 0.12533344328403472900390625, 0, 0.99211466312408447265625, 0, 0, 1, 0, 0, -0.99211466312408447265625, 0, 0.12533344328403472900390625, 0, 0, 0, 0, 1, },
			{ 0.18738162517547607421875, 0, 0.9822871685028076171875, 0, 0, 1, 0, 0, -0.9822871685028076171875, 0, 0.18738162517547607421875, 0, 0, 0, 0, 1, },
			{ 0.24868978559970855712890625, 0, 0.96858310699462890625, 0, 0, 1, 0, 0, -0.96858310699462890625, 0, 0.24868978559970855712890625, 0, 0, 0, 0, 1, },
			{ 0.309017002582550048828125, 0, 0.951056540012359619140625, 0, 0, 1, 0, 0, -0.951056540012359619140625, 0, 0.309017002582550048828125, 0, 0, 0, 0, 1, },
			{ 0.368124663829803466796875, 0, 0.929776370525360107421875, 0, 0, 1, 0, 0, -0.929776370525360107421875, 0, 0.368124663829803466796875, 0, 0, 0, 0, 1, },
			{ 0.4257794916629791259765625, 0, 0.904826939105987548828125, 0, 0, 1, 0, 0, -0.904826939105987548828125, 0, 0.4257794916629791259765625, 0, 0, 0, 0, 1, },
			{ 0.48175394535064697265625, 0, 0.8763065338134765625, 0, 0, 1, 0, 0, -0.8763065338134765625, 0, 0.48175394535064697265625, 0, 0, 0, 0, 1, },
			{ 0.535827159881591796875, 0, 0.844327628612518310546875, 0, 0, 1, 0, 0, -0.844327628612518310546875, 0, 0.535827159881591796875, 0, 0, 0, 0, 1, },
			{ 0.587785243988037109375, 0, 0.809017002582550048828125, 0, 0, 1, 0, 0, -0.809017002582550048828125, 0, 0.587785243988037109375, 0, 0, 0, 0, 1, },
			{ 0.637424051761627197265625, 0, 0.77051317691802978515625, 0, 0, 1, 0, 0, -0.77051317691802978515625, 0, 0.637424051761627197265625, 0, 0, 0, 0, 1, },
			{ 0.684547245502471923828125, 0, 0.72896850109100341796875, 0, 0, 1, 0, 0, -0.72896850109100341796875, 0, 0.684547245502471923828125, 0, 0, 0, 0, 1, },
			{ 0.7289688587188720703125, 0, 0.684546887874603271484375, 0, 0, 1, 0, 0, -0.684546887874603271484375, 0, 0.7289688587188720703125, 0, 0, 0, 0, 1, },
			{ 0.7705135345458984375, 0, 0.63742363452911376953125, 0, 0, 1, 0, 0, -0.63742363452911376953125, 0, 0.7705135345458984375, 0, 0, 0, 0, 1, },
			{ 0.80901730060577392578125, 0, 0.587784826755523681640625, 0, 0, 1, 0, 0, -0.587784826755523681640625, 0, 0.80901730060577392578125, 0, 0, 0, 0, 1, },
			{ 0.84432828426361083984375, 0, 0.535826265811920166015625, 0, 0, 1, 0, 0, -0.535826265811920166015625, 0, 0.84432828426361083984375, 0, 0, 0, 0, 1, },
			{ 0.8763067722320556640625, 0, 0.48175346851348876953125, 0, 0, 1, 0, 0, -0.48175346851348876953125, 0, 0.8763067722320556640625, 0, 0, 0, 0, 1, },
			{ 0.904826939105987548828125, 0, 0.4257794916629791259765625, 0, 0, 1, 0, 0, -0.4257794916629791259765625, 0, 0.904826939105987548828125, 0, 0, 0, 0, 1, },
			{ 0.929776668548583984375, 0, 0.3681241571903228759765625, 0, 0, 1, 0, 0, -0.3681241571903228759765625, 0, 0.929776668548583984375, 0, 0, 0, 0, 1, },
			{ 0.951056659221649169921875, 0, 0.3090164959430694580078125, 0, 0, 1, 0, 0, -0.3090164959430694580078125, 0, 0.951056659221649169921875, 0, 0, 0, 0, 1, },
			{ 0.96858310699462890625, 0, 0.24868978559970855712890625, 0, 0, 1, 0, 0, -0.24868978559970855712890625, 0, 0.96858310699462890625, 0, 0, 0, 0, 1, },
			{ 0.982287228107452392578125, 0, 0.18738110363483428955078125, 0, 0, 1, 0, 0, -0.18738110363483428955078125, 0, 0.982287228107452392578125, 0, 0, 0, 0, 1, },
			{ 0.992114722728729248046875, 0, 0.1253323853015899658203125, 0, 0, 1, 0, 0, -0.1253323853015899658203125, 0, 0.992114722728729248046875, 0, 0, 0, 0, 1, },
			{ 0.998026669025421142578125, 0, 0.062790624797344207763671875, 0, 0, 1, 0, 0, -0.062790624797344207763671875, 0, 0.998026669025421142578125, 0, 0, 0, 0, 1, },
			{ 1, 0, 0.0000000000000002449293705170335708892759285504325816873461008072, 0, 0, 1, 0, 0, -0.0000000000000002449293705170335708892759285504325816873461008072, 0, 1, 0, 0, 0, 0, 1, },
		},
	}
end