function data()
return {
	times = { 0, 41.667, 83.333, 125, 166.667, 208.333, 250, 291.667, 333.333, 375, 416.667, 458.333, 500, 541.667, 583.333, 625, 666.667, 708.333, 750, 791.667, 833.333, 875, 916.667, 958.333, 1000, 1041.667, 1083.333, 1125, 1166.667, 1208.333, 1250, 1291.667, 1333.333, 1375, 1416.667, 1458.333, 1500, 1541.667, 1583.333, 1625, 1666.667, 1708.333, 1750, 1791.667, 1833.333, 1875, 1916.667, 1958.333, 2000, 2041.667, 2083.333, 2125, 2166.667, 2208.333, 2250, 2291.667, 2333.333, 2375, 2416.667, 2458.333, 2500, 2541.667, 2583.333, 2625, 2666.667, 2708.333, 2750, 2791.667, 2833.333, 2875, 2916.667, 2958.333, 3000, 3041.667, 3083.333, 3125, 3166.667, 3208.333, 3250, 3291.667, 3333.333, 3375, 3416.667, 3458.333, 3500, 3541.667, 3583.333, 3625, 3666.667, 3708.333, 3750, 3791.667, 3833.333, 3875, 3916.667, 3958.333, 4000, 4041.667, 4083.333, 4125, 4166.667, },
	transfs = {
		{ 1, 0, 0, 0, 0, 1, 0, 0, 0, 0, 1, 0, 0, 0, 0, 1, },
		{ 0.99999988079071, 0, 0.00034501307527535, 0, 0, 1, 0, 0, -0.00034501307527535, 0, 0.99999988079071, 0, 0.010180968791246, 0, 0, 1, },
		{ 0.99999904632568, 0, 0.0013579153455794, 0, 0, 1, 0, 0, -0.0013579153455794, 0, 0.99999904632568, 0, 0.033716581761837, 0, 0, 1, },
		{ 0.99999541044235, 0, 0.0030054985545576, 0, 0, 1, 0, 0, -0.0030054985545576, 0, 0.99999541044235, 0, 0.06009628251195, 0, 0, 1, },
		{ 0.99998617172241, 0, 0.0052545452490449, 0, 0, 1, 0, 0, -0.0052545452490449, 0, 0.99998617172241, 0, 0.081286616623402, 0, 0, 1, },
		{ 0.99996739625931, 0, 0.0080718230456114, 0, 0, 1, 0, 0, -0.0080718230456114, 0, 0.99996739625931, 0, 0.099169157445431, 0, 0, 1, },
		{ 0.99993467330933, 0, 0.011429321952164, 0, 0, 1, 0, 0, -0.011429321952164, 0, 0.99993467330933, 0, 0.11730865389109, 0, 0, 1, },
		{ 0.99988263845444, 0, 0.0153200160712, 0, 0, 1, 0, 0, -0.0153200160712, 0, 0.99988263845444, 0, 0.13608688116074, 0, 0, 1, },
		{ 0.99980503320694, 0, 0.019742079079151, 0, 0, 1, 0, 0, -0.019742079079151, 0, 0.99980503320694, 0, 0.1550924628973, 0, 0, 1, },
		{ 0.99969506263733, 0, 0.024693595245481, 0, 0, 1, 0, 0, -0.024693595245481, 0, 0.99969506263733, 0, 0.17391173541546, 0, 0, 1, },
		{ 0.99954468011856, 0, 0.030172606930137, 0, 0, 1, 0, 0, -0.030172606930137, 0, 0.99954468011856, 0, 0.1921328753233, 0, 0, 1, },
		{ 0.99934554100037, 0, 0.036171738058329, 0, 0, 1, 0, 0, -0.036171738058329, 0, 0.99934554100037, 0, 0.20941238105297, 0, 0, 1, },
		{ 0.99908953905106, 0, 0.042662519961596, 0, 0, 1, 0, 0, -0.042662519961596, 0, 0.99908953905106, 0, 0.22568465769291, 0, 0, 1, },
		{ 0.99876856803894, 0, 0.049611080437899, 0, 0, 1, 0, 0, -0.049611080437899, 0, 0.99876856803894, 0, 0.24095489084721, 0, 0, 1, },
		{ 0.99837511777878, 0, 0.056983396410942, 0, 0, 1, 0, 0, -0.056983396410942, 0, 0.99837511777878, 0, 0.2552270591259, 0, 0, 1, },
		{ 0.99790179729462, 0, 0.064745418727398, 0, 0, 1, 0, 0, -0.064745418727398, 0, 0.99790179729462, 0, 0.26850524544716, 0, 0, 1, },
		{ 0.99734199047089, 0, 0.072862938046455, 0, 0, 1, 0, 0, -0.072862938046455, 0, 0.99734199047089, 0, 0.28077909350395, 0, 0, 1, },
		{ 0.99668949842453, 0, 0.081301681697369, 0, 0, 1, 0, 0, -0.081301681697369, 0, 0.99668949842453, 0, 0.29197829961777, 0, 0, 1, },
		{ 0.99593931436539, 0, 0.090027265250683, 0, 0, 1, 0, 0, -0.090027265250683, 0, 0.99593931436539, 0, 0.30201691389084, 0, 0, 1, },
		{ 0.99508690834045, 0, 0.099005281925201, 0, 0, 1, 0, 0, -0.099005281925201, 0, 0.99508690834045, 0, 0.3108097910881, 0, 0, 1, },
		{ 0.99412900209427, 0, 0.10820122808218, 0, 0, 1, 0, 0, -0.10820122808218, 0, 0.99412900209427, 0, 0.31827133893967, 0, 0, 1, },
		{ 0.99306339025497, 0, 0.11757980287075, 0, 0, 1, 0, 0, -0.11757980287075, 0, 0.99306339025497, 0, 0.3243345618248, 0, 0, 1, },
		{ 0.99188965559006, 0, 0.12710206210613, 0, 0, 1, 0, 0, -0.12710206210613, 0, 0.99188965559006, 0, 0.32832306623459, 0, 0, 1, },
		{ 0.99060851335526, 0, 0.13672833144665, 0, 0, 1, 0, 0, -0.13672833144665, 0, 0.99060851335526, 0, 0.33231154084206, 0, 0, 1, },
		{ 0.98922264575958, 0, 0.14641898870468, 0, 0, 1, 0, 0, -0.14641898870468, 0, 0.98922264575958, 0, 0.33143889904022, 0, 0, 1, },
		{ 0.98773574829102, 0, 0.15613460540771, 0, 0, 1, 0, 0, -0.15613460540771, 0, 0.98773574829102, 0, 0.33056640625, 0, 0, 1, },
		{ 0.98615336418152, 0, 0.16583590209484, 0, 0, 1, 0, 0, -0.16583590209484, 0, 0.98615336418152, 0, 0.32969373464584, 0, 0, 1, },
		{ 0.9844822883606, 0, 0.17548395693302, 0, 0, 1, 0, 0, -0.17548395693302, 0, 0.9844822883606, 0, 0.32882124185562, 0, 0, 1, },
		{ 0.98273092508316, 0, 0.18503996729851, 0, 0, 1, 0, 0, -0.18503996729851, 0, 0.98273092508316, 0, 0.32794860005379, 0, 0, 1, },
		{ 0.98090934753418, 0, 0.19446550309658, 0, 0, 1, 0, 0, -0.19446550309658, 0, 0.98090934753418, 0, 0.32267943024635, 0, 0, 1, },
		{ 0.97902864217758, 0, 0.20372259616852, 0, 0, 1, 0, 0, -0.20372259616852, 0, 0.97902864217758, 0, 0.31603696942329, 0, 0, 1, },
		{ 0.97710138559341, 0, 0.21277433633804, 0, 0, 1, 0, 0, -0.21277433633804, 0, 0.97710138559341, 0, 0.3080795109272, 0, 0, 1, },
		{ 0.97514027357101, 0, 0.22158834338188, 0, 0, 1, 0, 0, -0.22158834338188, 0, 0.97514027357101, 0, 0.29886505007744, 0, 0, 1, },
		{ 0.97315907478333, 0, 0.23013325035572, 0, 0, 1, 0, 0, -0.23013325035572, 0, 0.97315907478333, 0, 0.28845092654228, 0, 0, 1, },
		{ 0.97117239236832, 0, 0.23837821185589, 0, 0, 1, 0, 0, -0.23837821185589, 0, 0.97117239236832, 0, 0.27689436078072, 0, 0, 1, },
		{ 0.96919548511505, 0, 0.24629265069962, 0, 0, 1, 0, 0, -0.24629265069962, 0, 0.96919548511505, 0, 0.26425263285637, 0, 0, 1, },
		{ 0.96724450588226, 0, 0.25384631752968, 0, 0, 1, 0, 0, -0.25384631752968, 0, 0.96724450588226, 0, 0.25058531761169, 0, 0, 1, },
		{ 0.96533626317978, 0, 0.26100930571556, 0, 0, 1, 0, 0, -0.26100930571556, 0, 0.96533626317978, 0, 0.23595932126045, 0, 0, 1, },
		{ 0.96348792314529, 0, 0.2677518427372, 0, 0, 1, 0, 0, -0.2677518427372, 0, 0.96348792314529, 0, 0.22044280171394, 0, 0, 1, },
		{ 0.96171700954437, 0, 0.27404448390007, 0, 0, 1, 0, 0, -0.27404448390007, 0, 0.96171700954437, 0, 0.20410537719727, 0, 0, 1, },
		{ 0.96004140377045, 0, 0.27985805273056, 0, 0, 1, 0, 0, -0.27985805273056, 0, 0.96004140377045, 0, 0.18701522052288, 0, 0, 1, },
		{ 0.95847797393799, 0, 0.28516665101051, 0, 0, 1, 0, 0, -0.28516665101051, 0, 0.95847797393799, 0, 0.16924591362476, 0, 0, 1, },
		{ 0.95703935623169, 0, 0.28995785117149, 0, 0, 1, 0, 0, -0.28995785117149, 0, 0.95703935623169, 0, 0.1508894264698, 0, 0, 1, },
		{ 0.95573699474335, 0, 0.29422229528427, 0, 0, 1, 0, 0, -0.29422229528427, 0, 0.95573699474335, 0, 0.13204161822796, 0, 0, 1, },
		{ 0.9545813202858, 0, 0.297950476408, 0, 0, 1, 0, 0, -0.297950476408, 0, 0.9545813202858, 0, 0.11279891431332, 0, 0, 1, },
		{ 0.95358210802078, 0, 0.30113297700882, 0, 0, 1, 0, 0, -0.30113297700882, 0, 0.95358210802078, 0, 0.093257442116737, 0, 0, 1, },
		{ 0.95274859666824, 0, 0.30375990271568, 0, 0, 1, 0, 0, -0.30375990271568, 0, 0.95274859666824, 0, 0.073510438203812, 0, 0, 1, },
		{ 0.95208883285522, 0, 0.30582147836685, 0, 0, 1, 0, 0, -0.30582147836685, 0, 0.95208883285522, 0, 0.053639829158783, 0, 0, 1, },
		{ 0.95161032676697, 0, 0.30730721354485, 0, 0, 1, 0, 0, -0.30730721354485, 0, 0.95161032676697, 0, 0.033724211156368, 0, 0, 1, },
		{ 0.95131939649582, 0, 0.30820673704147, 0, 0, 1, 0, 0, -0.30820673704147, 0, 0.95131939649582, 0, 0.013842315413058, 0, 0, 1, },
		{ 0.95131927728653, 0, 0.30820700526237, 0, 0, 1, 0, 0, -0.30820700526237, 0, 0.95131927728653, 0, -0.0059272763319314, 0, 0, 1, },
		{ 0.95131921768188, 0, 0.3082073032856, 0, 0, 1, 0, 0, -0.3082073032856, 0, 0.95131921768188, 0, -0.025506285950541, 0, 0, 1, },
		{ 0.95160967111588, 0, 0.30730935931206, 0, 0, 1, 0, 0, -0.30730935931206, 0, 0.95160967111588, 0, -0.044817503541708, 0, 0, 1, },
		{ 0.95208746194839, 0, 0.30582582950592, 0, 0, 1, 0, 0, -0.30582582950592, 0, 0.95208746194839, 0, -0.063784636557102, 0, 0, 1, },
		{ 0.95274633169174, 0, 0.30376696586609, 0, 0, 1, 0, 0, -0.30376696586609, 0, 0.95274633169174, 0, -0.082331389188766, 0, 0, 1, },
		{ 0.9535790681839, 0, 0.30114272236824, 0, 0, 1, 0, 0, -0.30114272236824, 0, 0.9535790681839, 0, -0.1003819257021, 0, 0, 1, },
		{ 0.95457750558853, 0, 0.29796281456947, 0, 0, 1, 0, 0, -0.29796281456947, 0, 0.95457750558853, 0, -0.11786285042763, 0, 0, 1, },
		{ 0.95573252439499, 0, 0.29423657059669, 0, 0, 1, 0, 0, -0.29423657059669, 0, 0.95573252439499, 0, -0.13471649587154, 0, 0, 1, },
		{ 0.9570347070694, 0, 0.2899734377861, 0, 0, 1, 0, 0, -0.2899734377861, 0, 0.9570347070694, 0, -0.15088866651058, 0, 0, 1, },
		{ 0.95847314596176, 0, 0.28518253564835, 0, 0, 1, 0, 0, -0.28518253564835, 0, 0.95847314596176, 0, -0.16632506251335, 0, 0, 1, },
		{ 0.96003711223602, 0, 0.27987259626389, 0, 0, 1, 0, 0, -0.27987259626389, 0, 0.96003711223602, 0, -0.18097151815891, 0, 0, 1, },
		{ 0.96171367168427, 0, 0.27405628561974, 0, 0, 1, 0, 0, -0.27405628561974, 0, 0.96171367168427, 0, -0.1947825551033, 0, 0, 1, },
		{ 0.96348577737808, 0, 0.26775932312012, 0, 0, 1, 0, 0, -0.26775932312012, 0, 0.96348577737808, 0, -0.20774795114994, 0, 0, 1, },
		{ 0.96533566713333, 0, 0.26101133227348, 0, 0, 1, 0, 0, -0.26101133227348, 0, 0.96533566713333, 0, -0.21986663341522, 0, 0, 1, },
		{ 0.96724563837051, 0, 0.25384196639061, 0, 0, 1, 0, 0, -0.25384196639061, 0, 0.96724563837051, 0, -0.23113738000393, 0, 0, 1, },
		{ 0.969198346138, 0, 0.24628134071827, 0, 0, 1, 0, 0, -0.24628134071827, 0, 0.969198346138, 0, -0.241558983922, 0, 0, 1, },
		{ 0.97117692232132, 0, 0.23835948109627, 0, 0, 1, 0, 0, -0.23835948109627, 0, 0.97117692232132, 0, -0.25112044811249, 0, 0, 1, },
		{ 0.97316533327103, 0, 0.2301069945097, 0, 0, 1, 0, 0, -0.2301069945097, 0, 0.97316533327103, 0, -0.25977173447609, 0, 0, 1, },
		{ 0.97514790296555, 0, 0.22155465185642, 0, 0, 1, 0, 0, -0.22155465185642, 0, 0.97514790296555, 0, -0.26745346188545, 0, 0, 1, },
		{ 0.97711020708084, 0, 0.21273370087147, 0, 0, 1, 0, 0, -0.21273370087147, 0, 0.97711020708084, 0, -0.27410599589348, 0, 0, 1, },
		{ 0.97903841733932, 0, 0.20367556810379, 0, 0, 1, 0, 0, -0.20367556810379, 0, 0.97903841733932, 0, -0.27966949343681, 0, 0, 1, },
		{ 0.98091971874237, 0, 0.19441315531731, 0, 0, 1, 0, 0, -0.19441315531731, 0, 0.98091971874237, 0, -0.28410431742668, 0, 0, 1, },
		{ 0.98274153470993, 0, 0.18498392403126, 0, 0, 1, 0, 0, -0.18498392403126, 0, 0.98274153470993, 0, -0.28693541884422, 0, 0, 1, },
		{ 0.98449242115021, 0, 0.17542666196823, 0, 0, 1, 0, 0, -0.17542666196823, 0, 0.98449242115021, 0, -0.28976652026176, 0, 0, 1, },
		{ 0.9861626625061, 0, 0.16578052937984, 0, 0, 1, 0, 0, -0.16578052937984, 0, 0.9861626625061, 0, -0.28911209106445, 0, 0, 1, },
		{ 0.98774361610413, 0, 0.15608489513397, 0, 0, 1, 0, 0, -0.15608489513397, 0, 0.98774361610413, 0, -0.28845763206482, 0, 0, 1, },
		{ 0.98922848701477, 0, 0.14637960493565, 0, 0, 1, 0, 0, -0.14637960493565, 0, 0.98922848701477, 0, -0.28780302405357, 0, 0, 1, },
		{ 0.99061185121536, 0, 0.13670460879803, 0, 0, 1, 0, 0, -0.13670460879803, 0, 0.99061185121536, 0, -0.28714859485626, 0, 0, 1, },
		{ 0.99188983440399, 0, 0.12710008025169, 0, 0, 1, 0, 0, -0.12710008025169, 0, 0.99188983440399, 0, -0.28649413585663, 0, 0, 1, },
		{ 0.9930602312088, 0, 0.11760629713535, 0, 0, 1, 0, 0, -0.11760629713535, 0, 0.9930602312088, 0, -0.28261703252792, 0, 0, 1, },
		{ 0.99412220716476, 0, 0.10826379060745, 0, 0, 1, 0, 0, -0.10826379060745, 0, 0.99412220716476, 0, -0.277677744627, 0, 0, 1, },
		{ 0.99507635831833, 0, 0.099111415445805, 0, 0, 1, 0, 0, -0.099111415445805, 0, 0.99507635831833, 0, -0.27170073986053, 0, 0, 1, },
		{ 0.99592536687851, 0, 0.090181559324265, 0, 0, 1, 0, 0, -0.090181559324265, 0, 0.99592536687851, 0, -0.26472806930542, 0, 0, 1, },
		{ 0.99667292833328, 0, 0.08150502294302, 0, 0, 1, 0, 0, -0.08150502294302, 0, 0.99667292833328, 0, -0.25680616497993, 0, 0, 1, },
		{ 0.9973236322403, 0, 0.073112398386002, 0, 0, 1, 0, 0, -0.073112398386002, 0, 0.9973236322403, 0, -0.2479812502861, 0, 0, 1, },
		{ 0.99788296222687, 0, 0.065034344792366, 0, 0, 1, 0, 0, -0.065034344792366, 0, 0.99788296222687, 0, -0.23829939961433, 0, 0, 1, },
		{ 0.99835693836212, 0, 0.057301379740238, 0, 0, 1, 0, 0, -0.057301379740238, 0, 0.99835693836212, 0, -0.22778777778149, 0, 0, 1, },
		{ 0.99875199794769, 0, 0.049943964928389, 0, 0, 1, 0, 0, -0.049943964928389, 0, 0.99875199794769, 0, -0.2163952589035, 0, 0, 1, },
		{ 0.9990753531456, 0, 0.042992450296879, 0, 0, 1, 0, 0, -0.042992450296879, 0, 0.9990753531456, 0, -0.20405150949955, 0, 0, 1, },
		{ 0.99933445453644, 0, 0.0364770591259, 0, 0, 1, 0, 0, -0.0364770591259, 0, 0.99933445453644, 0, -0.19068557024002, 0, 0, 1, },
		{ 0.99953693151474, 0, 0.030427891761065, 0, 0, 1, 0, 0, -0.030427891761065, 0, 0.99953693151474, 0, -0.17622725665569, 0, 0, 1, },
		{ 0.99969059228897, 0, 0.024872858077288, 0, 0, 1, 0, 0, -0.024872858077288, 0, 0.99969059228897, 0, -0.16067931056023, 0, 0, 1, },
		{ 0.99980336427689, 0, 0.019831152632833, 0, 0, 1, 0, 0, -0.019831152632833, 0, 0.99980336427689, 0, -0.1443392932415, 0, 0, 1, },
		{ 0.99988263845444, 0, 0.015319751575589, 0, 0, 1, 0, 0, -0.015319751575589, 0, 0.99988263845444, 0, -0.12757797539234, 0, 0, 1, },
		{ 0.99993550777435, 0, 0.01135553792119, 0, 0, 1, 0, 0, -0.01135553792119, 0, 0.99993550777435, 0, -0.11076614260674, 0, 0, 1, },
		{ 0.99996829032898, 0, 0.0079553266987205, 0, 0, 1, 0, 0, -0.0079553266987205, 0, 0.99996829032898, 0, -0.094274140894413, 0, 0, 1, },
		{ 0.9999868273735, 0, 0.0051358891651034, 0, 0, 1, 0, 0, -0.0051358891651034, 0, 0.9999868273735, 0, -0.077718809247017, 0, 0, 1, },
		{ 0.99999576807022, 0, 0.0029139486141503, 0, 0, 1, 0, 0, -0.0029139486141503, 0, 0.99999576807022, 0, -0.057699736207724, 0, 0, 1, },
		{ 0.99999916553497, 0, 0.001306201913394, 0, 0, 1, 0, 0, -0.001306201913394, 0, 0.99999916553497, 0, -0.032458037137985, 0, 0, 1, },
		{ 0.99999988079071, 0, 0.00032932861358859, 0, 0, 1, 0, 0, -0.00032932861358859, 0, 0.99999988079071, 0, -0.0098178097978234, 0, 0, 1, },
		{ 1, 0, 0, 0, 0, 1, 0, 0, 0, 0, 1, 0, 0, 0, 0, 1, },
	},
}
end
