function data()
return {
	times = { 0, 41.667, 83.333, 125, 166.667, 208.333, 250, 291.667, 333.333, 375, 416.667, 458.333, 500, 541.667, 583.333, 625, 666.667, 708.333, 750, 791.667, 833.333, 875, 916.667, 958.333, 1000, 1041.667, 1083.333, 1125, 1166.667, 1208.333, 1250, 1291.667, 1333.333, 1375, 1416.667, 1458.333, 1500, 1541.667, 1583.333, 1625, 1666.667, 1708.333, 1750, 1791.667, 1833.333, 1875, 1916.667, 1958.333, 2000, 2041.667, 2083.333, 2125, 2166.667, 2208.333, 2250, 2291.667, 2333.333, 2375, 2416.667, 2458.333, 2500, 2541.667, 2583.333, 2625, 2666.667, 2708.333, 2750, 2791.667, 2833.333, 2875, 2916.667, 2958.333, 3000, 3041.667, 3083.333, 3125, 3166.667, 3208.333, 3250, 3291.667, 3333.333, 3375, 3416.667, 3458.333, 3500, 3541.667, 3583.333, 3625, 3666.667, 3708.333, 3750, 3791.667, 3833.333, 3875, 3916.667, 3958.333, 4000, 4041.667, 4083.333, 4125, 4166.667, },
	transfs = {
		{ 1, 0, 0, 0, 0, 1, 0, 0, 0, 0, 1, 0, 0, 0, 0, 1, },
		{ 0.99999988079071, 0, -0.00032241572625935, 0, 0, 1, 0, 0, 0.00032241572625935, 0, 0.99999988079071, 0, -0.0030451964121312, 0, 0, 1, },
		{ 0.99999916553497, 0, -0.0012809607433155, 0, 0, 1, 0, 0, 0.0012809607433155, 0, 0.99999916553497, 0, -0.011603240855038, 0, 0, 1, },
		{ 0.99999588727951, 0, -0.0028625791892409, 0, 0, 1, 0, 0, 0.0028625791892409, 0, 0.99999588727951, 0, -0.02480804361403, 0, 0, 1, },
		{ 0.99998724460602, 0, -0.0050542070530355, 0, 0, 1, 0, 0, 0.0050542070530355, 0, 0.99998724460602, 0, -0.041793823242188, 0, 0, 1, },
		{ 0.9999692440033, 0, -0.0078427670523524, 0, 0, 1, 0, 0, 0.0078427670523524, 0, 0.9999692440033, 0, -0.061694487929344, 0, 0, 1, },
		{ 0.99993711709976, 0, -0.011215147562325, 0, 0, 1, 0, 0, 0.011215147562325, 0, 0.99993711709976, 0, -0.08364425599575, 0, 0, 1, },
		{ 0.99988508224487, 0, -0.015158209018409, 0, 0, 1, 0, 0, 0.015158209018409, 0, 0.99988508224487, 0, -0.10677719116211, 0, 0, 1, },
		{ 0.99980670213699, 0, -0.019658738747239, 0, 0, 1, 0, 0, 0.019658738747239, 0, 0.99980670213699, 0, -0.13022689521313, 0, 0, 1, },
		{ 0.99969476461411, 0, -0.024703474715352, 0, 0, 1, 0, 0, 0.024703474715352, 0, 0.99969476461411, 0, -0.1531278938055, 0, 0, 1, },
		{ 0.9995414018631, 0, -0.030279049649835, 0, 0, 1, 0, 0, 0.030279049649835, 0, 0.9995414018631, 0, -0.17461378872395, 0, 0, 1, },
		{ 0.99933844804764, 0, -0.036368433386087, 0, 0, 1, 0, 0, 0.036368433386087, 0, 0.99933844804764, 0, -0.19397078454494, 0, 0, 1, },
		{ 0.9990776181221, 0, -0.042940229177475, 0, 0, 1, 0, 0, 0.042940229177475, 0, 0.9990776181221, 0, -0.21109358966351, 0, 0, 1, },
		{ 0.99875116348267, 0, -0.049959383904934, 0, 0, 1, 0, 0, 0.049959383904934, 0, 0.99875116348267, 0, -0.22602798044682, 0, 0, 1, },
		{ 0.99835181236267, 0, -0.057390682399273, 0, 0, 1, 0, 0, 0.057390682399273, 0, 0.99835181236267, 0, -0.23882079124451, 0, 0, 1, },
		{ 0.99787229299545, 0, -0.065198875963688, 0, 0, 1, 0, 0, 0.065198875963688, 0, 0.99787229299545, 0, -0.24951827526093, 0, 0, 1, },
		{ 0.99730628728867, 0, -0.073348566889763, 0, 0, 1, 0, 0, 0.073348566889763, 0, 0.99730628728867, 0, -0.25816664099693, 0, 0, 1, },
		{ 0.99664843082428, 0, -0.081804268062115, 0, 0, 1, 0, 0, 0.081804268062115, 0, 0.99664843082428, 0, -0.26481246948242, 0, 0, 1, },
		{ 0.99589359760284, 0, -0.09053048491478, 0, 0, 1, 0, 0, 0.09053048491478, 0, 0.99589359760284, 0, -0.26950195431709, 0, 0, 1, },
		{ 0.99503833055496, 0, -0.099491611123085, 0, 0, 1, 0, 0, 0.099491611123085, 0, 0.99503833055496, 0, -0.27134993672371, 0, 0, 1, },
		{ 0.99407982826233, 0, -0.10865204781294, 0, 0, 1, 0, 0, 0.10865204781294, 0, 0.99407982826233, 0, -0.27319809794426, 0, 0, 1, },
		{ 0.99301636219025, 0, -0.11797621846199, 0, 0, 1, 0, 0, 0.11797621846199, 0, 0.99301636219025, 0, -0.2728688120842, 0, 0, 1, },
		{ 0.99184775352478, 0, -0.12742835283279, 0, 0, 1, 0, 0, 0.12742835283279, 0, 0.99184775352478, 0, -0.27253967523575, 0, 0, 1, },
		{ 0.99057483673096, 0, -0.13697281479836, 0, 0, 1, 0, 0, 0.13697281479836, 0, 0.99057483673096, 0, -0.27221038937569, 0, 0, 1, },
		{ 0.98919969797134, 0, -0.14657400548458, 0, 0, 1, 0, 0, 0.14657400548458, 0, 0.98919969797134, 0, -0.27188110351562, 0, 0, 1, },
		{ 0.98772597312927, 0, -0.1561965495348, 0, 0, 1, 0, 0, 0.1561965495348, 0, 0.98772597312927, 0, -0.27155196666718, 0, 0, 1, },
		{ 0.98615854978561, 0, -0.16580511629581, 0, 0, 1, 0, 0, 0.16580511629581, 0, 0.98615854978561, 0, -0.27122268080711, 0, 0, 1, },
		{ 0.98450350761414, 0, -0.17536476254463, 0, 0, 1, 0, 0, 0.17536476254463, 0, 0.98450350761414, 0, -0.27089354395866, 0, 0, 1, },
		{ 0.98276853561401, 0, -0.1848406046629, 0, 0, 1, 0, 0, 0.1848406046629, 0, 0.98276853561401, 0, -0.2705642580986, 0, 0, 1, },
		{ 0.98096233606339, 0, -0.19419822096825, 0, 0, 1, 0, 0, 0.19419822096825, 0, 0.98096233606339, 0, -0.27023497223854, 0, 0, 1, },
		{ 0.97909504175186, 0, -0.20340329408646, 0, 0, 1, 0, 0, 0.20340329408646, 0, 0.97909504175186, 0, -0.26990583539009, 0, 0, 1, },
		{ 0.9771780371666, 0, -0.21242187917233, 0, 0, 1, 0, 0, 0.21242187917233, 0, 0.9771780371666, 0, -0.26957654953003, 0, 0, 1, },
		{ 0.97522401809692, 0, -0.22121968865395, 0, 0, 1, 0, 0, 0.22121968865395, 0, 0.97522401809692, 0, -0.2652850151062, 0, 0, 1, },
		{ 0.9732466340065, 0, -0.22976283729076, 0, 0, 1, 0, 0, 0.22976283729076, 0, 0.9732466340065, 0, -0.25876647233963, 0, 0, 1, },
		{ 0.97126084566116, 0, -0.23801766335964, 0, 0, 1, 0, 0, 0.23801766335964, 0, 0.97126084566116, 0, -0.25024902820587, 0, 0, 1, },
		{ 0.96928226947784, 0, -0.24595087766647, 0, 0, 1, 0, 0, 0.24595087766647, 0, 0.96928226947784, 0, -0.23995971679688, 0, 0, 1, },
		{ 0.96732759475708, 0, -0.25352969765663, 0, 0, 1, 0, 0, 0.25352969765663, 0, 0.96732759475708, 0, -0.2281259149313, 0, 0, 1, },
		{ 0.96541410684586, 0, -0.26072126626968, 0, 0, 1, 0, 0, 0.26072126626968, 0, 0.96541410684586, 0, -0.21497496962547, 0, 0, 1, },
		{ 0.96355962753296, 0, -0.26749339699745, 0, 0, 1, 0, 0, 0.26749339699745, 0, 0.96355962753296, 0, -0.20073409378529, 0, 0, 1, },
		{ 0.96178257465363, 0, -0.27381411194801, 0, 0, 1, 0, 0, 0.27381411194801, 0, 0.96178257465363, 0, -0.18563079833984, 0, 0, 1, },
		{ 0.96010154485703, 0, -0.2796513736248, 0, 0, 1, 0, 0, 0.2796513736248, 0, 0.96010154485703, 0, -0.16989257931709, 0, 0, 1, },
		{ 0.95853424072266, 0, -0.284977465868, 0, 0, 1, 0, 0, 0.284977465868, 0, 0.95853424072266, 0, -0.15371276438236, 0, 0, 1, },
		{ 0.95709317922592, 0, -0.28978025913239, 0, 0, 1, 0, 0, 0.28978025913239, 0, 0.95709317922592, 0, -0.13714981079102, 0, 0, 1, },
		{ 0.95578956604004, 0, -0.29405146837234, 0, 0, 1, 0, 0, 0.29405146837234, 0, 0.95578956604004, 0, -0.12022765725851, 0, 0, 1, },
		{ 0.95463365316391, 0, -0.29778265953064, 0, 0, 1, 0, 0, 0.29778265953064, 0, 0.95463365316391, 0, -0.10297134518623, 0, 0, 1, },
		{ 0.95363521575928, 0, -0.30096498131752, 0, 0, 1, 0, 0, 0.30096498131752, 0, 0.95363521575928, 0, -0.085404969751835, 0, 0, 1, },
		{ 0.95280277729034, 0, -0.30358982086182, 0, 0, 1, 0, 0, 0.30358982086182, 0, 0.95280277729034, 0, -0.067553095519543, 0, 0, 1, },
		{ 0.95214450359344, 0, -0.30564799904823, 0, 0, 1, 0, 0, 0.30564799904823, 0, 0.95214450359344, 0, -0.049440152943134, 0, 0, 1, },
		{ 0.95166748762131, 0, -0.30713021755219, 0, 0, 1, 0, 0, 0.30713021755219, 0, 0.95166748762131, 0, -0.03109054453671, 0, 0, 1, },
		{ 0.95137757062912, 0, -0.30802685022354, 0, 0, 1, 0, 0, 0.30802685022354, 0, 0.95137757062912, 0, -0.012528685852885, 0, 0, 1, },
		{ 0.95137804746628, 0, -0.30802550911903, 0, 0, 1, 0, 0, 0.30802550911903, 0, 0.95137804746628, 0, 0.0062210080213845, 0, 0, 1, },
		{ 0.95137852430344, 0, -0.3080241382122, 0, 0, 1, 0, 0, 0.3080241382122, 0, 0.95137852430344, 0, 0.025133818387985, 0, 0, 1, },
		{ 0.95167076587677, 0, -0.3071201145649, 0, 0, 1, 0, 0, 0.3071201145649, 0, 0.95167076587677, 0, 0.044182281941175, 0, 0, 1, },
		{ 0.9521512389183, 0, -0.30562722682953, 0, 0, 1, 0, 0, 0.30562722682953, 0, 0.9521512389183, 0, 0.063339687883854, 0, 0, 1, },
		{ 0.95281338691711, 0, -0.30355671048164, 0, 0, 1, 0, 0, 0.30355671048164, 0, 0.95281338691711, 0, 0.082578279078007, 0, 0, 1, },
		{ 0.95364964008331, 0, -0.30091908574104, 0, 0, 1, 0, 0, 0.30091908574104, 0, 0.95364964008331, 0, 0.10187072306871, 0, 0, 1, },
		{ 0.95465165376663, 0, -0.29772487282753, 0, 0, 1, 0, 0, 0.29772487282753, 0, 0.95465165376663, 0, 0.12119048833847, 0, 0, 1, },
		{ 0.95581018924713, 0, -0.29398420453072, 0, 0, 1, 0, 0, 0.29398420453072, 0, 0.95581018924713, 0, 0.14050902426243, 0, 0, 1, },
		{ 0.95711529254913, 0, -0.28970724344254, 0, 0, 1, 0, 0, 0.28970724344254, 0, 0.95711529254913, 0, 0.15979979932308, 0, 0, 1, },
		{ 0.95855605602264, 0, -0.28490394353867, 0, 0, 1, 0, 0, 0.28490394353867, 0, 0.95855605602264, 0, 0.17903457581997, 0, 0, 1, },
		{ 0.9601212143898, 0, -0.27958387136459, 0, 0, 1, 0, 0, 0.27958387136459, 0, 0.9601212143898, 0, 0.19818724691868, 0, 0, 1, },
		{ 0.96179795265198, 0, -0.27376011013985, 0, 0, 1, 0, 0, 0.27376011013985, 0, 0.96179795265198, 0, 0.21717421710491, 0, 0, 1, },
		{ 0.96356922388077, 0, -0.26745906472206, 0, 0, 1, 0, 0, 0.26745906472206, 0, 0.96356922388077, 0, 0.23569121956825, 0, 0, 1, },
		{ 0.9654169678688, 0, -0.26071047782898, 0, 0, 1, 0, 0, 0.26071047782898, 0, 0.9654169678688, 0, 0.25337812304497, 0, 0, 1, },
		{ 0.96732378005981, 0, -0.25354436039925, 0, 0, 1, 0, 0, 0.25354436039925, 0, 0.96732378005981, 0, 0.26987457275391, 0, 0, 1, },
		{ 0.96927213668823, 0, -0.24599100649357, 0, 0, 1, 0, 0, 0.24599100649357, 0, 0.96927213668823, 0, 0.28482070565224, 0, 0, 1, },
		{ 0.97124528884888, 0, -0.23808094859123, 0, 0, 1, 0, 0, 0.23808094859123, 0, 0.97124528884888, 0, 0.29785689711571, 0, 0, 1, },
		{ 0.97322726249695, 0, -0.22984491288662, 0, 0, 1, 0, 0, 0.22984491288662, 0, 0.97322726249695, 0, 0.30862319469452, 0, 0, 1, },
		{ 0.9752025604248, 0, -0.22131407260895, 0, 0, 1, 0, 0, 0.22131407260895, 0, 0.9752025604248, 0, 0.31675887107849, 0, 0, 1, },
		{ 0.97715669870377, 0, -0.2125199586153, 0, 0, 1, 0, 0, 0.2125199586153, 0, 0.97715669870377, 0, 0.32190412282944, 0, 0, 1, },
		{ 0.97907614707947, 0, -0.20349432528019, 0, 0, 1, 0, 0, 0.20349432528019, 0, 0.97907614707947, 0, 0.3214550614357, 0, 0, 1, },
		{ 0.98094809055328, 0, -0.19427002966404, 0, 0, 1, 0, 0, 0.19427002966404, 0, 0.98094809055328, 0, 0.32100600004196, 0, 0, 1, },
		{ 0.98276054859161, 0, -0.18488259613514, 0, 0, 1, 0, 0, 0.18488259613514, 0, 0.98276054859161, 0, 0.32055708765984, 0, 0, 1, },
		{ 0.9845027923584, 0, -0.17536886036396, 0, 0, 1, 0, 0, 0.17536886036396, 0, 0.9845027923584, 0, 0.3201080262661, 0, 0, 1, },
		{ 0.98616516590118, 0, -0.16576583683491, 0, 0, 1, 0, 0, 0.16576583683491, 0, 0.98616516590118, 0, 0.31965896487236, 0, 0, 1, },
		{ 0.98773956298828, 0, -0.15611083805561, 0, 0, 1, 0, 0, 0.15611083805561, 0, 0.98773956298828, 0, 0.31920990347862, 0, 0, 1, },
		{ 0.98921936750412, 0, -0.14644138514996, 0, 0, 1, 0, 0, 0.14644138514996, 0, 0.98921936750412, 0, 0.3187609910965, 0, 0, 1, },
		{ 0.99059927463531, 0, -0.13679534196854, 0, 0, 1, 0, 0, 0.13679534196854, 0, 0.99059927463531, 0, 0.31831189990044, 0, 0, 1, },
		{ 0.99187564849854, 0, -0.12721064686775, 0, 0, 1, 0, 0, 0.12721064686775, 0, 0.99187564849854, 0, 0.3178628385067, 0, 0, 1, },
		{ 0.99304616451263, 0, -0.117725469172, 0, 0, 1, 0, 0, 0.117725469172, 0, 0.99304616451263, 0, 0.31741377711296, 0, 0, 1, },
		{ 0.99410974979401, 0, -0.10837806761265, 0, 0, 1, 0, 0, 0.10837806761265, 0, 0.99410974979401, 0, 0.31696486473083, 0, 0, 1, },
		{ 0.99506694078445, 0, -0.099205993115902, 0, 0, 1, 0, 0, 0.099205993115902, 0, 0.99506694078445, 0, 0.3165158033371, 0, 0, 1, },
		{ 0.99591964483261, 0, -0.090244077146053, 0, 0, 1, 0, 0, 0.090244077146053, 0, 0.99591964483261, 0, 0.31606674194336, 0, 0, 1, },
		{ 0.99667114019394, 0, -0.081526234745979, 0, 0, 1, 0, 0, 0.081526234745979, 0, 0.99667114019394, 0, 0.30902281403542, 0, 0, 1, },
		{ 0.99732559919357, 0, -0.073086403310299, 0, 0, 1, 0, 0, 0.073086403310299, 0, 0.99732559919357, 0, 0.29946196079254, 0, 0, 1, },
		{ 0.99788790941238, 0, -0.064958542585373, 0, 0, 1, 0, 0, 0.064958542585373, 0, 0.99788790941238, 0, 0.28746032714844, 0, 0, 1, },
		{ 0.99836409091949, 0, -0.057176429778337, 0, 0, 1, 0, 0, 0.057176429778337, 0, 0.99836409091949, 0, 0.27309355139732, 0, 0, 1, },
		{ 0.99876046180725, 0, -0.049773823469877, 0, 0, 1, 0, 0, 0.049773823469877, 0, 0.99876046180725, 0, 0.2564385831356, 0, 0, 1, },
		{ 0.99908429384232, 0, -0.042784359306097, 0, 0, 1, 0, 0, 0.042784359306097, 0, 0.99908429384232, 0, 0.23757140338421, 0, 0, 1, },
		{ 0.99934303760529, 0, -0.036241572350264, 0, 0, 1, 0, 0, 0.036241572350264, 0, 0.99934303760529, 0, 0.21656860411167, 0, 0, 1, },
		{ 0.99954444169998, 0, -0.030178876593709, 0, 0, 1, 0, 0, 0.030178876593709, 0, 0.99954444169998, 0, 0.19350570440292, 0, 0, 1, },
		{ 0.99969673156738, 0, -0.024626340717077, 0, 0, 1, 0, 0, 0.024626340717077, 0, 0.99969673156738, 0, 0.16859313845634, 0, 0, 1, },
		{ 0.99980783462524, 0, -0.019600965082645, 0, 0, 1, 0, 0, 0.019600965082645, 0, 0.99980783462524, 0, 0.14257521927357, 0, 0, 1, },
		{ 0.99988567829132, 0, -0.015116402879357, 0, 0, 1, 0, 0, 0.015116402879357, 0, 0.99988567829132, 0, 0.11632934212685, 0, 0, 1, },
		{ 0.99993741512299, 0, -0.011186218820512, 0, 0, 1, 0, 0, 0.011186218820512, 0, 0.99993741512299, 0, 0.090734861791134, 0, 0, 1, },
		{ 0.99996936321259, 0, -0.0078239124268293, 0, 0, 1, 0, 0, 0.0078239124268293, 0, 0.99996936321259, 0, 0.066668696701527, 0, 0, 1, },
		{ 0.99998730421066, 0, -0.0050429347902536, 0, 0, 1, 0, 0, 0.0050429347902536, 0, 0.99998730421066, 0, 0.045009613037109, 0, 0, 1, },
		{ 0.99999588727951, 0, -0.0028566818218678, 0, 0, 1, 0, 0, 0.0028566818218678, 0, 0.99999588727951, 0, 0.026635130867362, 0, 0, 1, },
		{ 0.99999916553497, 0, -0.0012785368598998, 0, 0, 1, 0, 0, 0.0012785368598998, 0, 0.99999916553497, 0, 0.012422942556441, 0, 0, 1, },
		{ 0.99999988079071, 0, -0.00032185696181841, 0, 0, 1, 0, 0, 0.00032185696181841, 0, 0.99999988079071, 0, 0.0032519530504942, 0, 0, 1, },
		{ 1, 0, 0, 0, 0, 1, 0, 0, 0, 0, 1, 0, 0, 0, 0, 1, },
	},
}
end
