function data()
return {
	times = { 0, 41.667, 83.333, 125, 166.667, 208.333, 250, 291.667, 333.333, 375, 416.667, 458.333, 500, 541.667, 583.333, 625, 666.667, 708.333, 750, 791.667, 833.333, 875, 916.667, 958.333, 1000, 1041.667, 1083.333, 1125, 1166.667, 1208.333, 1250, 1291.667, 1333.333, 1375, 1416.667, 1458.333, 1500, 1541.667, 1583.333, 1625, 1666.667, 1708.333, 1750, 1791.667, 1833.333, 1875, 1916.667, 1958.333, 2000, 2041.667, 2083.333, 2125, 2166.667, 2208.333, 2250, 2291.667, 2333.333, 2375, 2416.667, 2458.333, 2500, 2541.667, 2583.333, 2625, 2666.667, 2708.333, 2750, 2791.667, 2833.333, 2875, 2916.667, 2958.333, 3000, 3041.667, 3083.333, 3125, 3166.667, 3208.333, 3250, 3291.667, 3333.333, 3375, 3416.667, 3458.333, 3500, 3541.667, 3583.333, 3625, 3666.667, 3708.333, 3750, 3791.667, 3833.333, 3875, 3916.667, 3958.333, 4000, 4041.667, 4083.333, 4125, 4166.667, },
	transfs = {
		{ 1, 0, 0, 0, 0, 1, 0, 0, 0, 0, 1, 0, 0, 0, 0, 1, },
		{ 0.99999886751175, 0, 0.0015064771287143, 0, 0, 1, 0, 0, -0.0015064771287143, 0, 0.99999886751175, 0, 0, 0, 0, 1, },
		{ 0.99998432397842, 0, 0.0055954568088055, 0, 0, 1, 0, 0, -0.0055954568088055, 0, 0.99998432397842, 0, 0, 0, 0, 1, },
		{ 0.99993246793747, 0, 0.011621134355664, 0, 0, 1, 0, 0, -0.011621134355664, 0, 0.99993246793747, 0, 0, 0, 0, 1, },
		{ 0.99982059001923, 0, 0.01893744058907, 0, 0, 1, 0, 0, -0.01893744058907, 0, 0.99982059001923, 0, 0, 0, 0, 1, },
		{ 0.99963814020157, 0, 0.026898138225079, 0, 0, 1, 0, 0, -0.026898138225079, 0, 0.99963814020157, 0, 0, 0, 0, 1, },
		{ 0.99939227104187, 0, 0.034857127815485, 0, 0, 1, 0, 0, -0.034857127815485, 0, 0.99939227104187, 0, 0, 0, 0, 1, },
		{ 0.99911046028137, 0, 0.042168855667114, 0, 0, 1, 0, 0, -0.042168855667114, 0, 0.99911046028137, 0, 0, 0, 0, 1, },
		{ 0.99883824586868, 0, 0.048188615590334, 0, 0, 1, 0, 0, -0.048188615590334, 0, 0.99883824586868, 0, 0, 0, 0, 1, },
		{ 0.99863278865814, 0, 0.052272446453571, 0, 0, 1, 0, 0, -0.052272446453571, 0, 0.99863278865814, 0, 0, 0, 0, 1, },
		{ 0.99855297803879, 0, 0.053776808083057, 0, 0, 1, 0, 0, -0.053776808083057, 0, 0.99855297803879, 0, 0, 0, 0, 1, },
		{ 0.99856555461884, 0, 0.053543351590633, 0, 0, 1, 0, 0, -0.053543351590633, 0, 0.99856555461884, 0, 0, 0, 0, 1, },
		{ 0.9986018538475, 0, 0.052861653268337, 0, 0, 1, 0, 0, -0.052861653268337, 0, 0.9986018538475, 0, 0, 0, 0, 1, },
		{ 0.99865955114365, 0, 0.051759660243988, 0, 0, 1, 0, 0, -0.051759660243988, 0, 0.99865955114365, 0, 0, 0, 0, 1, },
		{ 0.9987359046936, 0, 0.050265289843082, 0, 0, 1, 0, 0, -0.050265289843082, 0, 0.9987359046936, 0, 0, 0, 0, 1, },
		{ 0.99882763624191, 0, 0.048406515270472, 0, 0, 1, 0, 0, -0.048406515270472, 0, 0.99882763624191, 0, 0, 0, 0, 1, },
		{ 0.99893164634705, 0, 0.046211168169975, 0, 0, 1, 0, 0, -0.046211168169975, 0, 0.99893164634705, 0, 0, 0, 0, 1, },
		{ 0.99904435873032, 0, 0.043707240372896, 0, 0, 1, 0, 0, -0.043707240372896, 0, 0.99904435873032, 0, 0, 0, 0, 1, },
		{ 0.99916225671768, 0, 0.040922652930021, 0, 0, 1, 0, 0, -0.040922652930021, 0, 0.99916225671768, 0, 0, 0, 0, 1, },
		{ 0.99928212165833, 0, 0.037885330617428, 0, 0, 1, 0, 0, -0.037885330617428, 0, 0.99928212165833, 0, 0, 0, 0, 1, },
		{ 0.99940037727356, 0, 0.034623246639967, 0, 0, 1, 0, 0, -0.034623246639967, 0, 0.99940037727356, 0, 0, 0, 0, 1, },
		{ 0.99951410293579, 0, 0.031168142333627, 0, 0, 1, 0, 0, -0.031168142333627, 0, 0.99951410293579, 0, 0, 0, 0, 1, },
		{ 0.99961990118027, 0, 0.027566842734814, 0, 0, 1, 0, 0, -0.027566842734814, 0, 0.99961990118027, 0, 0, 0, 0, 1, },
		{ 0.99971508979797, 0, 0.023869967088103, 0, 0, 1, 0, 0, -0.023869967088103, 0, 0.99971508979797, 0, 0, 0, 0, 1, },
		{ 0.99979740381241, 0, 0.020128175616264, 0, 0, 1, 0, 0, -0.020128175616264, 0, 0.99979740381241, 0, 0, 0, 0, 1, },
		{ 0.99986559152603, 0, 0.016392134130001, 0, 0, 1, 0, 0, -0.016392134130001, 0, 0.99986559152603, 0, 0, 0, 0, 1, },
		{ 0.99991911649704, 0, 0.012712516821921, 0, 0, 1, 0, 0, -0.012712516821921, 0, 0.99991911649704, 0, 0, 0, 0, 1, },
		{ 0.99995815753937, 0, 0.0091400258243084, 0, 0, 1, 0, 0, -0.0091400258243084, 0, 0.99995815753937, 0, 0, 0, 0, 1, },
		{ 0.99998360872269, 0, 0.0057253465056419, 0, 0, 1, 0, 0, -0.0057253465056419, 0, 0.99998360872269, 0, 0, 0, 0, 1, },
		{ 0.99999678134918, 0, 0.0025191714521497, 0, 0, 1, 0, 0, -0.0025191714521497, 0, 0.99999678134918, 0, 0, 0, 0, 1, },
		{ 0.99999988079071, 0, -0.00042782735545188, 0, 0, 1, 0, 0, 0.00042782735545188, 0, 0.99999988079071, 0, 0, 0, 0, 1, },
		{ 0.99999523162842, 0, -0.0030893760267645, 0, 0, 1, 0, 0, 0.0030893760267645, 0, 0.99999523162842, 0, 0, 0, 0, 1, },
		{ 0.99998468160629, 0, -0.0055367862805724, 0, 0, 1, 0, 0, 0.0055367862805724, 0, 0.99998468160629, 0, 0, 0, 0, 1, },
		{ 0.99996906518936, 0, -0.0078657623380423, 0, 0, 1, 0, 0, 0.0078657623380423, 0, 0.99996906518936, 0, 0, 0, 0, 1, },
		{ 0.99994820356369, 0, -0.010172015056014, 0, 0, 1, 0, 0, 0.010172015056014, 0, 0.99994820356369, 0, 0, 0, 0, 1, },
		{ 0.99992120265961, 0, -0.01255123782903, 0, 0, 1, 0, 0, 0.01255123782903, 0, 0.99992120265961, 0, 0, 0, 0, 1, },
		{ 0.99988597631454, 0, -0.01509912405163, 0, 0, 1, 0, 0, 0.01509912405163, 0, 0.99988597631454, 0, 0, 0, 0, 1, },
		{ 0.99983960390091, 0, -0.017911339178681, 0, 0, 1, 0, 0, 0.017911339178681, 0, 0.99983960390091, 0, 0, 0, 0, 1, },
		{ 0.99977767467499, 0, -0.021083518862724, 0, 0, 1, 0, 0, 0.021083518862724, 0, 0.99977767467499, 0, 0, 0, 0, 1, },
		{ 0.99969458580017, 0, -0.024711258709431, 0, 0, 1, 0, 0, 0.024711258709431, 0, 0.99969458580017, 0, 0, 0, 0, 1, },
		{ 0.99958252906799, 0, -0.028890077024698, 0, 0, 1, 0, 0, 0.028890077024698, 0, 0.99958252906799, 0, 0, 0, 0, 1, },
		{ 0.99943250417709, 0, -0.033684898167849, 0, 0, 1, 0, 0, 0.033684898167849, 0, 0.99943250417709, 0, 0, 0, 0, 1, },
		{ 0.99923771619797, 0, -0.039038732647896, 0, 0, 1, 0, 0, 0.039038732647896, 0, 0.99923771619797, 0, 0, 0, 0, 1, },
		{ 0.99899303913116, 0, -0.044864036142826, 0, 0, 1, 0, 0, 0.044864036142826, 0, 0.99899303913116, 0, 0, 0, 0, 1, },
		{ 0.998694896698, 0, -0.051073215901852, 0, 0, 1, 0, 0, 0.051073215901852, 0, 0.998694896698, 0, 0, 0, 0, 1, },
		{ 0.99834090471268, 0, -0.057578731328249, 0, 0, 1, 0, 0, 0.057578731328249, 0, 0.99834090471268, 0, 0, 0, 0, 1, },
		{ 0.9979310631752, 0, -0.06429298967123, 0, 0, 1, 0, 0, 0.06429298967123, 0, 0.9979310631752, 0, 0, 0, 0, 1, },
		{ 0.99746716022491, 0, -0.071128532290459, 0, 0, 1, 0, 0, 0.071128532290459, 0, 0.99746716022491, 0, 0, 0, 0, 1, },
		{ 0.99695354700089, 0, -0.077997975051403, 0, 0, 1, 0, 0, 0.077997975051403, 0, 0.99695354700089, 0, 0, 0, 0, 1, },
		{ 0.99639678001404, 0, -0.084814123809338, 0, 0, 1, 0, 0, 0.084814123809338, 0, 0.99639678001404, 0, 0, 0, 0, 1, },
		{ 0.99580597877502, 0, -0.09148994833231, 0, 0, 1, 0, 0, 0.09148994833231, 0, 0.99580597877502, 0, 0, 0, 0, 1, },
		{ 0.99519246816635, 0, -0.097938649356365, 0, 0, 1, 0, 0, 0.097938649356365, 0, 0.99519246816635, 0, 0, 0, 0, 1, },
		{ 0.99456959962845, 0, -0.10407360643148, 0, 0, 1, 0, 0, 0.10407360643148, 0, 0.99456959962845, 0, 0, 0, 0, 1, },
		{ 0.99395269155502, 0, -0.10980841517448, 0, 0, 1, 0, 0, 0.10980841517448, 0, 0.99395269155502, 0, 0, 0, 0, 1, },
		{ 0.99335891008377, 0, -0.11505687981844, 0, 0, 1, 0, 0, 0.11505687981844, 0, 0.99335891008377, 0, 0, 0, 0, 1, },
		{ 0.99280607700348, 0, -0.11973316967487, 0, 0, 1, 0, 0, 0.11973316967487, 0, 0.99280607700348, 0, 0, 0, 0, 1, },
		{ 0.99231320619583, 0, -0.12375144660473, 0, 0, 1, 0, 0, 0.12375144660473, 0, 0.99231320619583, 0, 0, 0, 0, 1, },
		{ 0.99189931154251, 0, -0.12702608108521, 0, 0, 1, 0, 0, 0.12702608108521, 0, 0.99189931154251, 0, 0, 0, 0, 1, },
		{ 0.99158316850662, 0, -0.12947134673595, 0, 0, 1, 0, 0, 0.12947134673595, 0, 0.99158316850662, 0, 0, 0, 0, 1, },
		{ 0.99138218164444, 0, -0.13100162148476, 0, 0, 1, 0, 0, 0.13100162148476, 0, 0.99138218164444, 0, 0, 0, 0, 1, },
		{ 0.99131202697754, 0, -0.13153088092804, 0, 0, 1, 0, 0, 0.13153088092804, 0, 0.99131202697754, 0, 0, 0, 0, 1, },
		{ 0.99132508039474, 0, -0.13143241405487, 0, 0, 1, 0, 0, 0.13143241405487, 0, 0.99132508039474, 0, 0, 0, 0, 1, },
		{ 0.99136346578598, 0, -0.13114313781261, 0, 0, 1, 0, 0, 0.13114313781261, 0, 0.99136346578598, 0, 0, 0, 0, 1, },
		{ 0.99142557382584, 0, -0.13067235052586, 0, 0, 1, 0, 0, 0.13067235052586, 0, 0.99142557382584, 0, 0, 0, 0, 1, },
		{ 0.99151015281677, 0, -0.13002924621105, 0, 0, 1, 0, 0, 0.13002924621105, 0, 0.99151015281677, 0, 0, 0, 0, 1, },
		{ 0.99161547422409, 0, -0.12922318279743, 0, 0, 1, 0, 0, 0.12922318279743, 0, 0.99161547422409, 0, 0, 0, 0, 1, },
		{ 0.99174016714096, 0, -0.12826326489449, 0, 0, 1, 0, 0, 0.12826326489449, 0, 0.99174016714096, 0, 0, 0, 0, 1, },
		{ 0.99188238382339, 0, -0.12715883553028, 0, 0, 1, 0, 0, 0.12715883553028, 0, 0.99188238382339, 0, 0, 0, 0, 1, },
		{ 0.99204051494598, 0, -0.12591898441315, 0, 0, 1, 0, 0, 0.12591898441315, 0, 0.99204051494598, 0, 0, 0, 0, 1, },
		{ 0.99221289157867, 0, -0.1245531141758, 0, 0, 1, 0, 0, 0.1245531141758, 0, 0.99221289157867, 0, 0, 0, 0, 1, },
		{ 0.9923979640007, 0, -0.12307032197714, 0, 0, 1, 0, 0, 0.12307032197714, 0, 0.9923979640007, 0, 0, 0, 0, 1, },
		{ 0.99259501695633, 0, -0.12147083133459, 0, 0, 1, 0, 0, 0.12147083133459, 0, 0.99259501695633, 0, 0, 0, 0, 1, },
		{ 0.99280786514282, 0, -0.11971839517355, 0, 0, 1, 0, 0, 0.11971839517355, 0, 0.99280786514282, 0, 0, 0, 0, 1, },
		{ 0.99304115772247, 0, -0.11776763945818, 0, 0, 1, 0, 0, 0.11776763945818, 0, 0.99304115772247, 0, 0, 0, 0, 1, },
		{ 0.99329894781113, 0, -0.11557319760323, 0, 0, 1, 0, 0, 0.11557319760323, 0, 0.99329894781113, 0, 0, 0, 0, 1, },
		{ 0.99358475208282, 0, -0.11308958381414, 0, 0, 1, 0, 0, 0.11308958381414, 0, 0.99358475208282, 0, 0, 0, 0, 1, },
		{ 0.99390149116516, 0, -0.11027130484581, 0, 0, 1, 0, 0, 0.11027130484581, 0, 0.99390149116516, 0, 0, 0, 0, 1, },
		{ 0.99425119161606, 0, -0.10707272589207, 0, 0, 1, 0, 0, 0.10707272589207, 0, 0.99425119161606, 0, 0, 0, 0, 1, },
		{ 0.99463480710983, 0, -0.10344816744328, 0, 0, 1, 0, 0, 0.10344816744328, 0, 0.99463480710983, 0, 0, 0, 0, 1, },
		{ 0.99505233764648, 0, -0.099351860582829, 0, 0, 1, 0, 0, 0.099351860582829, 0, 0.99505233764648, 0, 0, 0, 0, 1, },
		{ 0.99550223350525, 0, -0.094737872481346, 0, 0, 1, 0, 0, 0.094737872481346, 0, 0.99550223350525, 0, 0, 0, 0, 1, },
		{ 0.99597924947739, 0, -0.089583285152912, 0, 0, 1, 0, 0, 0.089583285152912, 0, 0.99597924947739, 0, 0, 0, 0, 1, },
		{ 0.99646931886673, 0, -0.083957277238369, 0, 0, 1, 0, 0, 0.083957277238369, 0, 0.99646931886673, 0, 0, 0, 0, 1, },
		{ 0.99695706367493, 0, -0.077952288091183, 0, 0, 1, 0, 0, 0.077952288091183, 0, 0.99695706367493, 0, 0, 0, 0, 1, },
		{ 0.9974290728569, 0, -0.071660958230495, 0, 0, 1, 0, 0, 0.071660958230495, 0, 0.9974290728569, 0, 0, 0, 0, 1, },
		{ 0.99787378311157, 0, -0.065176136791706, 0, 0, 1, 0, 0, 0.065176136791706, 0, 0.99787378311157, 0, 0, 0, 0, 1, },
		{ 0.99828207492828, 0, -0.058590911328793, 0, 0, 1, 0, 0, 0.058590911328793, 0, 0.99828207492828, 0, 0, 0, 0, 1, },
		{ 0.99864715337753, 0, -0.051998522132635, 0, 0, 1, 0, 0, 0.051998522132635, 0, 0.99864715337753, 0, 0, 0, 0, 1, },
		{ 0.99896460771561, 0, -0.045492392033339, 0, 0, 1, 0, 0, 0.045492392033339, 0, 0.99896460771561, 0, 0, 0, 0, 1, },
		{ 0.99923264980316, 0, -0.039166007190943, 0, 0, 1, 0, 0, 0.039166007190943, 0, 0.99923264980316, 0, 0, 0, 0, 1, },
		{ 0.99945163726807, 0, -0.033112928271294, 0, 0, 1, 0, 0, 0.033112928271294, 0, 0.99945163726807, 0, 0, 0, 0, 1, },
		{ 0.99962401390076, 0, -0.027418572455645, 0, 0, 1, 0, 0, 0.027418572455645, 0, 0.99962401390076, 0, 0, 0, 0, 1, },
		{ 0.99975496530533, 0, -0.022135576233268, 0, 0, 1, 0, 0, 0.022135576233268, 0, 0.99975496530533, 0, 0, 0, 0, 1, },
		{ 0.99985021352768, 0, -0.017308387905359, 0, 0, 1, 0, 0, 0.017308387905359, 0, 0.99985021352768, 0, 0, 0, 0, 1, },
		{ 0.99991571903229, 0, -0.012981360778213, 0, 0, 1, 0, 0, 0.012981360778213, 0, 0.99991571903229, 0, 0, 0, 0, 1, },
		{ 0.99995768070221, 0, -0.0091987904161215, 0, 0, 1, 0, 0, 0.0091987904161215, 0, 0.99995768070221, 0, 0, 0, 0, 1, },
		{ 0.99998199939728, 0, -0.0060049234889448, 0, 0, 1, 0, 0, 0.0060049234889448, 0, 0.99998199939728, 0, 0, 0, 0, 1, },
		{ 0.99999409914017, 0, -0.003443964291364, 0, 0, 1, 0, 0, 0.003443964291364, 0, 0.99999409914017, 0, 0, 0, 0, 1, },
		{ 0.99999874830246, 0, -0.0015600671758875, 0, 0, 1, 0, 0, 0.0015600671758875, 0, 0.99999874830246, 0, 0, 0, 0, 1, },
		{ 0.99999988079071, 0, -0.00039736882899888, 0, 0, 1, 0, 0, 0.00039736882899888, 0, 0.99999988079071, 0, 0, 0, 0, 1, },
		{ 1, 0, 0, 0, 0, 1, 0, 0, 0, 0, 1, 0, 0, 0, 0, 1, },
	},
}
end
