function data()
return {
	times = { 0, 41.667, 83.333, 125, 166.667, 208.333, 250, 291.667, 333.333, 375, 416.667, 458.333, 500, 541.667, 583.333, 625, 666.667, 708.333, 750, 791.667, 833.333, 875, 916.667, 958.333, 1000, 1041.667, 1083.333, 1125, 1166.667, 1208.333, 1250, 1291.667, 1333.333, 1375, 1416.667, 1458.333, 1500, 1541.667, 1583.333, 1625, 1666.667, 1708.333, 1750, 1791.667, 1833.333, 1875, 1916.667, 1958.333, 2000, 2041.667, 2083.333, 2125, 2166.667, 2208.333, 2250, 2291.667, 2333.333, 2375, 2416.667, 2458.333, 2500, 2541.667, 2583.333, 2625, 2666.667, 2708.333, 2750, 2791.667, 2833.333, 2875, 2916.667, 2958.333, 3000, 3041.667, 3083.333, 3125, 3166.667, 3208.333, 3250, 3291.667, 3333.333, 3375, 3416.667, 3458.333, 3500, 3541.667, 3583.333, 3625, 3666.667, 3750, 3791.667, 3833.333, 3875, 3916.667, 3958.333, 4000, 4041.667, 4083.333, 4125, 4166.667, },
	transfs = {
		{ 1, 0, 0, 0, 0, 1, 0, 0, 0, 0, 1, 0, 0, 0, 0, 1, },
		{ 0.99999952316284, 0, 0.00098788551986217, 0, 0, 1, 0, 0, -0.00098788551986217, 0, 0.99999952316284, 0, 0, 0, 0, 1, },
		{ 0.99999278783798, 0, 0.0037764587905258, 0, 0, 1, 0, 0, -0.0037764587905258, 0, 0.99999278783798, 0, 0, 0, 0, 1, },
		{ 0.99996709823608, 0, 0.0081030456349254, 0, 0, 1, 0, 0, -0.0081030456349254, 0, 0.99996709823608, 0, 0, 0, 0, 1, },
		{ 0.99990600347519, 0, 0.013704843819141, 0, 0, 1, 0, 0, -0.013704843819141, 0, 0.99990600347519, 0, 0, 0, 0, 1, },
		{ 0.9997935295105, 0, 0.020318873226643, 0, 0, 1, 0, 0, -0.020318873226643, 0, 0.9997935295105, 0, 0, 0, 0, 1, },
		{ 0.99961674213409, 0, 0.027681980282068, 0, 0, 1, 0, 0, -0.027681980282068, 0, 0.99961674213409, 0, 0, 0, 0, 1, },
		{ 0.99936854839325, 0, 0.035530924797058, 0, 0, 1, 0, 0, -0.035530924797058, 0, 0.99936854839325, 0, 0, 0, 0, 1, },
		{ 0.99904888868332, 0, 0.043602492660284, 0, 0, 1, 0, 0, -0.043602492660284, 0, 0.99904888868332, 0, 0, 0, 0, 1, },
		{ 0.99866604804993, 0, 0.051633674651384, 0, 0, 1, 0, 0, -0.051633674651384, 0, 0.99866604804993, 0, 0, 0, 0, 1, },
		{ 0.99823653697968, 0, 0.059361841529608, 0, 0, 1, 0, 0, -0.059361841529608, 0, 0.99823653697968, 0, 0, 0, 0, 1, },
		{ 0.99778139591217, 0, 0.066575713455677, 0, 0, 1, 0, 0, -0.066575713455677, 0, 0.99778139591217, 0, 0, 0, 0, 1, },
		{ 0.99731224775314, 0, 0.073267541825771, 0, 0, 1, 0, 0, -0.073267541825771, 0, 0.99731224775314, 0, 0, 0, 0, 1, },
		{ 0.99683636426926, 0, 0.079480469226837, 0, 0, 1, 0, 0, -0.079480469226837, 0, 0.99683636426926, 0, 0, 0, 0, 1, },
		{ 0.99635887145996, 0, 0.08525761961937, 0, 0, 1, 0, 0, -0.08525761961937, 0, 0.99635887145996, 0, 0, 0, 0, 1, },
		{ 0.99588352441788, 0, 0.090642102062702, 0, 0, 1, 0, 0, -0.090642102062702, 0, 0.99588352441788, 0, 0, 0, 0, 1, },
		{ 0.99541234970093, 0, 0.095676980912685, 0, 0, 1, 0, 0, -0.095676980912685, 0, 0.99541234970093, 0, 0, 0, 0, 1, },
		{ 0.99494659900665, 0, 0.10040516406298, 0, 0, 1, 0, 0, -0.10040516406298, 0, 0.99494659900665, 0, 0, 0, 0, 1, },
		{ 0.99448597431183, 0, 0.10486963391304, 0, 0, 1, 0, 0, -0.10486963391304, 0, 0.99448597431183, 0, 0, 0, 0, 1, },
		{ 0.9940293431282, 0, 0.10911332070827, 0, 0, 1, 0, 0, -0.10911332070827, 0, 0.9940293431282, 0, 0, 0, 0, 1, },
		{ 0.99357461929321, 0, 0.1131789162755, 0, 0, 1, 0, 0, -0.1131789162755, 0, 0.99357461929321, 0, 0, 0, 0, 1, },
		{ 0.99311995506287, 0, 0.11710125207901, 0, 0, 1, 0, 0, -0.11710125207901, 0, 0.99311995506287, 0, 0, 0, 0, 1, },
		{ 0.99266672134399, 0, 0.1208835542202, 0, 0, 1, 0, 0, -0.1208835542202, 0, 0.99266672134399, 0, 0, 0, 0, 1, },
		{ 0.99221694469452, 0, 0.12452113628387, 0, 0, 1, 0, 0, -0.12452113628387, 0, 0.99221694469452, 0, 0, 0, 0, 1, },
		{ 0.99177294969559, 0, 0.12800922989845, 0, 0, 1, 0, 0, -0.12800922989845, 0, 0.99177294969559, 0, 0, 0, 0, 1, },
		{ 0.99133688211441, 0, 0.13134315609932, 0, 0, 1, 0, 0, -0.13134315609932, 0, 0.99133688211441, 0, 0, 0, 0, 1, },
		{ 0.99091112613678, 0, 0.13451817631721, 0, 0, 1, 0, 0, -0.13451817631721, 0, 0.99091112613678, 0, 0, 0, 0, 1, },
		{ 0.99049758911133, 0, 0.13752980530262, 0, 0, 1, 0, 0, -0.13752980530262, 0, 0.99049758911133, 0, 0, 0, 0, 1, },
		{ 0.9900985956192, 0, 0.14037324488163, 0, 0, 1, 0, 0, -0.14037324488163, 0, 0.9900985956192, 0, 0, 0, 0, 1, },
		{ 0.98971629142761, 0, 0.14304384589195, 0, 0, 1, 0, 0, -0.14304384589195, 0, 0.98971629142761, 0, 0, 0, 0, 1, },
		{ 0.98935282230377, 0, 0.14553697407246, 0, 0, 1, 0, 0, -0.14553697407246, 0, 0.98935282230377, 0, 0, 0, 0, 1, },
		{ 0.98901027441025, 0, 0.1478468477726, 0, 0, 1, 0, 0, -0.1478468477726, 0, 0.98901027441025, 0, 0, 0, 0, 1, },
		{ 0.98869156837463, 0, 0.14996291697025, 0, 0, 1, 0, 0, -0.14996291697025, 0, 0.98869156837463, 0, 0, 0, 0, 1, },
		{ 0.9883998632431, 0, 0.15187367796898, 0, 0, 1, 0, 0, -0.15187367796898, 0, 0.9883998632431, 0, 0, 0, 0, 1, },
		{ 0.98813819885254, 0, 0.15356738865376, 0, 0, 1, 0, 0, -0.15356738865376, 0, 0.98813819885254, 0, 0, 0, 0, 1, },
		{ 0.98790937662125, 0, 0.15503260493279, 0, 0, 1, 0, 0, -0.15503260493279, 0, 0.98790937662125, 0, 0, 0, 0, 1, },
		{ 0.98771637678146, 0, 0.15625753998756, 0, 0, 1, 0, 0, -0.15625753998756, 0, 0.98771637678146, 0, 0, 0, 0, 1, },
		{ 0.98756188154221, 0, 0.15723058581352, 0, 0, 1, 0, 0, -0.15723058581352, 0, 0.98756188154221, 0, 0, 0, 0, 1, },
		{ 0.98744863271713, 0, 0.15794014930725, 0, 0, 1, 0, 0, -0.15794014930725, 0, 0.98744863271713, 0, 0, 0, 0, 1, },
		{ 0.98737907409668, 0, 0.15837445855141, 0, 0, 1, 0, 0, -0.15837445855141, 0, 0.98737907409668, 0, 0, 0, 0, 1, },
		{ 0.9873554110527, 0, 0.1585218757391, 0, 0, 1, 0, 0, -0.1585218757391, 0, 0.9873554110527, 0, 0, 0, 0, 1, },
		{ 0.98742872476578, 0, 0.1580648869276, 0, 0, 1, 0, 0, -0.1580648869276, 0, 0.98742872476578, 0, 0, 0, 0, 1, },
		{ 0.9876372218132, 0, 0.15675638616085, 0, 0, 1, 0, 0, -0.15675638616085, 0, 0.9876372218132, 0, 0, 0, 0, 1, },
		{ 0.98796308040619, 0, 0.15468946099281, 0, 0, 1, 0, 0, -0.15468946099281, 0, 0.98796308040619, 0, 0, 0, 0, 1, },
		{ 0.98838704824448, 0, 0.15195719897747, 0, 0, 1, 0, 0, -0.15195719897747, 0, 0.98838704824448, 0, 0, 0, 0, 1, },
		{ 0.98888939619064, 0, 0.14865267276764, 0, 0, 1, 0, 0, -0.14865267276764, 0, 0.98888939619064, 0, 0, 0, 0, 1, },
		{ 0.98945087194443, 0, 0.14486889541149, 0, 0, 1, 0, 0, -0.14486889541149, 0, 0.98945087194443, 0, 0, 0, 0, 1, },
		{ 0.99005234241486, 0, 0.14069911837578, 0, 0, 1, 0, 0, -0.14069911837578, 0, 0.99005234241486, 0, 0, 0, 0, 1, },
		{ 0.99067634344101, 0, 0.13623668253422, 0, 0, 1, 0, 0, -0.13623668253422, 0, 0.99067634344101, 0, 0, 0, 0, 1, },
		{ 0.99130618572235, 0, 0.13157527148724, 0, 0, 1, 0, 0, -0.13157527148724, 0, 0.99130618572235, 0, 0, 0, 0, 1, },
		{ 0.99192720651627, 0, 0.12680868804455, 0, 0, 1, 0, 0, -0.12680868804455, 0, 0.99192720651627, 0, 0, 0, 0, 1, },
		{ 0.99252814054489, 0, 0.12201531976461, 0, 0, 1, 0, 0, -0.12201531976461, 0, 0.99252814054489, 0, 0, 0, 0, 1, },
		{ 0.99310708045959, 0, 0.11721050739288, 0, 0, 1, 0, 0, -0.11721050739288, 0, 0.99310708045959, 0, 0, 0, 0, 1, },
		{ 0.99366372823715, 0, 0.112393848598, 0, 0, 1, 0, 0, -0.112393848598, 0, 0.99366372823715, 0, 0, 0, 0, 1, },
		{ 0.99419802427292, 0, 0.10756498575211, 0, 0, 1, 0, 0, -0.10756498575211, 0, 0.99419802427292, 0, 0, 0, 0, 1, },
		{ 0.99470996856689, 0, 0.10272351652384, 0, 0, 1, 0, 0, -0.10272351652384, 0, 0.99470996856689, 0, 0, 0, 0, 1, },
		{ 0.99519926309586, 0, 0.097869046032429, 0, 0, 1, 0, 0, -0.097869046032429, 0, 0.99519926309586, 0, 0, 0, 0, 1, },
		{ 0.99566596746445, 0, 0.093001164495945, 0, 0, 1, 0, 0, -0.093001164495945, 0, 0.99566596746445, 0, 0, 0, 0, 1, },
		{ 0.99610984325409, 0, 0.088119514286518, 0, 0, 1, 0, 0, -0.088119514286518, 0, 0.99610984325409, 0, 0, 0, 0, 1, },
		{ 0.99653089046478, 0, 0.083223663270473, 0, 0, 1, 0, 0, -0.083223663270473, 0, 0.99653089046478, 0, 0, 0, 0, 1, },
		{ 0.99692875146866, 0, 0.078313291072845, 0, 0, 1, 0, 0, -0.078313291072845, 0, 0.99692875146866, 0, 0, 0, 0, 1, },
		{ 0.99730342626572, 0, 0.073388300836086, 0, 0, 1, 0, 0, -0.073388300836086, 0, 0.99730342626572, 0, 0, 0, 0, 1, },
		{ 0.99765455722809, 0, 0.068450056016445, 0, 0, 1, 0, 0, -0.068450056016445, 0, 0.99765455722809, 0, 0, 0, 0, 1, },
		{ 0.99798178672791, 0, 0.063500247895718, 0, 0, 1, 0, 0, -0.063500247895718, 0, 0.99798178672791, 0, 0, 0, 0, 1, },
		{ 0.99828505516052, 0, 0.058540545403957, 0, 0, 1, 0, 0, -0.058540545403957, 0, 0.99828505516052, 0, 0, 0, 0, 1, },
		{ 0.99856388568878, 0, 0.053572695702314, 0, 0, 1, 0, 0, -0.053572695702314, 0, 0.99856388568878, 0, 0, 0, 0, 1, },
		{ 0.99881839752197, 0, 0.048598360270262, 0, 0, 1, 0, 0, -0.048598360270262, 0, 0.99881839752197, 0, 0, 0, 0, 1, },
		{ 0.99904817342758, 0, 0.043619249016047, 0, 0, 1, 0, 0, -0.043619249016047, 0, 0.99904817342758, 0, 0, 0, 0, 1, },
		{ 0.9992533326149, 0, 0.038637075573206, 0, 0, 1, 0, 0, -0.038637075573206, 0, 0.9992533326149, 0, 0, 0, 0, 1, },
		{ 0.99943351745605, 0, 0.033653553575277, 0, 0, 1, 0, 0, -0.033653553575277, 0, 0.99943351745605, 0, 0, 0, 0, 1, },
		{ 0.99958890676498, 0, 0.028670376166701, 0, 0, 1, 0, 0, -0.028670376166701, 0, 0.99958890676498, 0, 0, 0, 0, 1, },
		{ 0.99971902370453, 0, 0.023702908307314, 0, 0, 1, 0, 0, -0.023702908307314, 0, 0.99971902370453, 0, 0, 0, 0, 1, },
		{ 0.99982285499573, 0, 0.018821131438017, 0, 0, 1, 0, 0, -0.018821131438017, 0, 0.99982285499573, 0, 0, 0, 0, 1, },
		{ 0.99990040063858, 0, 0.01410870347172, 0, 0, 1, 0, 0, -0.01410870347172, 0, 0.99990040063858, 0, 0, 0, 0, 1, },
		{ 0.99995338916779, 0, 0.0096492851153016, 0, 0, 1, 0, 0, -0.0096492851153016, 0, 0.99995338916779, 0, 0, 0, 0, 1, },
		{ 0.99998468160629, 0, 0.0055265268310905, 0, 0, 1, 0, 0, -0.0055265268310905, 0, 0.99998468160629, 0, 0, 0, 0, 1, },
		{ 0.99999833106995, 0, 0.0018240527715534, 0, 0, 1, 0, 0, -0.0018240527715534, 0, 0.99999833106995, 0, 0, 0, 0, 1, },
		{ 0.99999904632568, 0, -0.0013745453907177, 0, 0, 1, 0, 0, 0.0013745453907177, 0, 0.99999904632568, 0, 0, 0, 0, 1, },
		{ 0.99999207258224, 0, -0.0039857137016952, 0, 0, 1, 0, 0, 0.0039857137016952, 0, 0.99999207258224, 0, 0, 0, 0, 1, },
		{ 0.99998235702515, 0, -0.005925924051553, 0, 0, 1, 0, 0, 0.005925924051553, 0, 0.99998235702515, 0, 0, 0, 0, 1, },
		{ 0.99997472763062, 0, -0.0071116671897471, 0, 0, 1, 0, 0, 0.0071116671897471, 0, 0.99997472763062, 0, 0, 0, 0, 1, },
		{ 0.99996942281723, 0, -0.0078168800100684, 0, 0, 1, 0, 0, 0.0078168800100684, 0, 0.99996942281723, 0, 0, 0, 0, 1, },
		{ 0.99996489286423, 0, -0.0083815660327673, 0, 0, 1, 0, 0, 0.0083815660327673, 0, 0.99996489286423, 0, 0, 0, 0, 1, },
		{ 0.99996101856232, 0, -0.0088213449344039, 0, 0, 1, 0, 0, 0.0088213449344039, 0, 0.99996101856232, 0, 0, 0, 0, 1, },
		{ 0.99995803833008, 0, -0.0091518256813288, 0, 0, 1, 0, 0, 0.0091518256813288, 0, 0.99995803833008, 0, 0, 0, 0, 1, },
		{ 0.99995595216751, 0, -0.0093886274844408, 0, 0, 1, 0, 0, 0.0093886274844408, 0, 0.99995595216751, 0, 0, 0, 0, 1, },
		{ 0.9999543428421, 0, -0.0095473621040583, 0, 0, 1, 0, 0, 0.0095473621040583, 0, 0.9999543428421, 0, 0, 0, 0, 1, },
		{ 0.99995350837708, 0, -0.009643642231822, 0, 0, 1, 0, 0, 0.009643642231822, 0, 0.99995350837708, 0, 0, 0, 0, 1, },
		{ 0.99995303153992, 0, -0.0096930870786309, 0, 0, 1, 0, 0, 0.0096930870786309, 0, 0.99995303153992, 0, 0, 0, 0, 1, },
		{ 0.99995273351669, 0, -0.0097139021381736, 0, 0, 1, 0, 0, 0.0097139021381736, 0, 0.99995273351669, 0, 0, 0, 0, 1, },
		{ 0.99995535612106, 0, -0.0094419242814183, 0, 0, 1, 0, 0, 0.0094419242814183, 0, 0.99995535612106, 0, 0, 0, 0, 1, },
		{ 0.99996215105057, 0, -0.0087036844342947, 0, 0, 1, 0, 0, 0.0087036844342947, 0, 0.99996215105057, 0, 0, 0, 0, 1, },
		{ 0.99997091293335, 0, -0.0076157483272254, 0, 0, 1, 0, 0, 0.0076157483272254, 0, 0.99997091293335, 0, 0, 0, 0, 1, },
		{ 0.99998021125793, 0, -0.0062946672551334, 0, 0, 1, 0, 0, 0.0062946672551334, 0, 0.99998021125793, 0, 0, 0, 0, 1, },
		{ 0.99998813867569, 0, -0.0048570092767477, 0, 0, 1, 0, 0, 0.0048570092767477, 0, 0.99998813867569, 0, 0, 0, 0, 1, },
		{ 0.99999409914017, 0, -0.0034193417523056, 0, 0, 1, 0, 0, 0.0034193417523056, 0, 0.99999409914017, 0, 0, 0, 0, 1, },
		{ 0.9999977350235, 0, -0.0020982341375202, 0, 0, 1, 0, 0, 0.0020982341375202, 0, 0.9999977350235, 0, 0, 0, 0, 1, },
		{ 0.99999940395355, 0, -0.0010102614760399, 0, 0, 1, 0, 0, 0.0010102614760399, 0, 0.99999940395355, 0, 0, 0, 0, 1, },
		{ 0.99999988079071, 0, -0.00027199464966543, 0, 0, 1, 0, 0, 0.00027199464966543, 0, 0.99999988079071, 0, 0, 0, 0, 1, },
		{ 1, 0, 0, 0, 0, 1, 0, 0, 0, 0, 1, 0, 0, 0, 0, 1, },
	},
}
end
