function data()
return {
	times = { 0, 41.667, 83.333, 125, 166.667, 208.333, 250, 291.667, 333.333, 375, 416.667, 458.333, 500, 541.667, 583.333, 625, 666.667, 708.333, 750, 791.667, 833.333, 1041.667, 1125, 1166.667, 1208.333, 1250, 1291.667, 1333.333, 1375, 1416.667, 1458.333, 1500, 1541.667, 1583.333, 1625, 1666.667, 1708.333, 1750, 1791.667, 1833.333, 1875, 1916.667, 1958.333, 2000, 2041.667, 2083.333, 2125, 2166.667, 2208.333, 2250, 2291.667, 2333.333, 2375, 2416.667, 2458.333, 2500, 2541.667, 2583.333, 2625, 2666.667, 2708.333, 2750, 2791.667, 2833.333, 2875, 2916.667, 2958.333, 3000, 3041.667, 3083.333, 3125, 3166.667, 3208.333, 3250, 3291.667, 3333.333, 3375, 3416.667, 3458.333, 3500, 3541.667, 3583.333, 3625, 3666.667, 3708.333, 3750, 3791.667, 3833.333, 3875, 3916.667, 3958.333, 4000, 4041.667, 4083.333, 4125, 4166.667, },
	transfs = {
		{ 1, 0, -1.862645149231e-09, 0, 0, 1, -8.673617379884e-19, 0, 1.862645149231e-09, 1.7347234759768e-18, 1, 0, 0, 0, 0, 1, },
		{ 0.99999988079071, -5.9952039094594e-15, -0.00055630505084991, 0, 5.7731597280508e-15, 1, -4.7263668673247e-13, 0, 0.00055630505084991, 4.7263408464726e-13, 0.99999988079071, 0, 0, 0, 0, 1, },
		{ 0.9999977350235, -2.4646951146678e-14, -0.0021552070975304, 0, 2.076117056049e-14, 1, -1.8310760893647e-12, 0, 0.0021552070975304, 1.8310266497457e-12, 0.9999977350235, 0, 0, 0, 0, 1, },
		{ 0.99998897314072, -5.8841820305133e-14, -0.0046917572617531, 0, 4.0134562340199e-14, 1, -3.9862037282123e-12, 0, 0.0046917572617531, 3.9859704079048e-12, 0.99998897314072, 0, 0, 0, 0, 1, },
		{ 0.99996745586395, -1.1263211907196e-13, -0.0080609442666173, 0, 5.7343019221889e-14, 1, -6.8488725975258e-12, 0, 0.0080609442666173, 6.8481860807101e-12, 0.99996745586395, 0, 0, 0, 0, 1, },
		{ 0.99992614984512, -1.90958346683e-13, -0.012157691642642, 0, 6.5447647301653e-14, 1, -1.0329881915128e-11, 0, 0.012157691642642, 1.0328322398723e-11, 0.99992614984512, 0, 0, 0, 0, 1, },
		{ 0.99985748529434, -2.9898306053155e-13, -0.016876919195056, 0, 5.6954441163271e-14, 1, -1.4340031766202e-11, 0, 0.016876919195056, 1.4337024623057e-11, 0.99985748529434, 0, 0, 0, 0, 1, },
		{ 0.99975550174713, -4.4092507422988e-13, -0.022113451734185, 0, 2.5424107263916e-14, 1, -1.8790032030314e-11, 0, 0.022113451734185, 1.8784876432143e-11, 0.99975550174713, 0, 0, 0, 0, 1, },
		{ 0.99961447715759, -6.2028160385807e-13, -0.027762038633227, 0, -3.4694469519536e-14, 1, -2.359052016232e-11, 0, 0.027762038633227, 2.3582391248111e-11, 0.99961447715759, 0, 0, 0, 0, 1, },
		{ 0.99943143129349, -8.386069074405e-13, -0.033717408776283, 0, -1.275091143782e-13, 1, -2.8652104994142e-11, 0, 0.033717408776283, 2.8640111116029e-11, 0.99943143129349, 0, 0, 0, 0, 1, },
		{ 0.99920463562012, -1.0962342145149e-12, -0.039874337613583, 0, -2.5518473510504e-13, 1, -3.3885384082e-11, 0, 0.039874337613583, 3.386860583654e-11, 0.99920463562012, 0, 0, 0, 0, 1, },
		{ 0.99893581867218, -1.3904988271918e-12, -0.046121057122946, 0, -4.1772141301522e-13, 1, -3.9195389989199e-11, 0, 0.046121057122946, 3.9172949606314e-11, 0.99893581867218, 0, 0, 0, 0, 1, },
		{ 0.99863028526306, -1.7154054869281e-12, -0.052319820970297, 0, -6.1184390887092e-13, 1, -4.4465042758901e-11, 0, 0.052319820970297, 4.4436163082473e-11, 0.99863028526306, 0, 0, 0, 0, 1, },
		{ 0.99829751253128, -2.061462112124e-12, -0.058326549828053, 0, -8.3127948968809e-13, 1, -4.957182581089e-11, 0, 0.058326549828053, 4.9535923973831e-11, 0.99829751253128, 0, 0, 0, 0, 1, },
		{ 0.9979499578476, -2.4164559242479e-12, -0.063997358083725, 0, -1.0667577932111e-12, 1, -5.4393392567853e-11, 0, 0.063997358083725, 5.4350156319938e-11, 0.9979499578476, 0, 0, 0, 0, 1, },
		{ 0.99760359525681, -2.7656210654925e-12, -0.069188661873341, 0, -1.3063439219252e-12, 1, -5.8807535230354e-11, 0, 0.069188661873341, 5.8756992327158e-11, 0.99760359525681, 0, 0, 0, 0, 1, },
		{ 0.99727612733841, -3.0919156124298e-12, -0.073757044970989, 0, -1.5362711103251e-12, 1, -6.2692261104669e-11, 0, 0.073757044970989, 6.2634814002038e-11, 0.99727612733841, 0, 0, 0, 0, 1, },
		{ 0.99698770046234, -3.3770763963048e-12, -0.077559351921082, 0, -1.7413293029733e-12, 1, -6.592571627495e-11, 0, 0.077559351921082, 6.5862183762366e-11, 0.99698770046234, 0, 0, 0, 0, 1, },
		{ 0.99675840139389, -3.6023961591525e-12, -0.080452419817448, 0, -1.9055867994666e-12, 1, -6.8386074580928e-11, 0, 0.080452419817448, 6.8317705659293e-11, 0.99675840139389, 0, 0, 0, 0, 1, },
		{ 0.99660807847977, -3.7495562210665e-12, -0.082293316721916, 0, -2.0138888386784e-12, 1, -6.9951669456891e-11, 0, 0.082293316721916, 6.9880129460742e-11, 0.99660807847977, 0, 0, 0, 0, 1, },
		{ 0.99655455350876, -3.8017367032239e-12, -0.082938805222511, 0, -2.0525248167758e-12, 1, -7.0500633109205e-11, 0, 0.082938805222511, 7.0427969012243e-11, 0.99655455350876, 0, 0, 0, 0, 1, },
		{ 0.99658036231995, -3.7767011740186e-12, -0.082629173994064, 0, -2.0339285811133e-12, 1, -7.0237302085552e-11, 0, 0.082629173994064, 7.0165186161208e-11, 0.99658036231995, 0, 0, 0, 0, 1, },
		{ 0.99660938978195, -3.7482794645882e-12, -0.082278072834015, 0, -2.0129453659479e-12, 1, -6.9938707603079e-11, 0, 0.082278072834015, 6.9867188423611e-11, 0.99660938978195, 0, 0, 0, 0, 1, },
		{ 0.99662894010544, -3.7291836285647e-12, -0.082040667533875, 0, -1.9988455335351e-12, 1, -6.9736799668263e-11, 0, 0.082040667533875, 6.966569682243e-11, 0.99662894010544, 0, 0, 0, 0, 1, },
		{ 0.99665224552155, -3.7063685454086e-12, -0.081757575273514, 0, -1.9820811658633e-12, 1, -6.9496033927585e-11, 0, 0.081757575273514, 6.9425437621007e-11, 0.99665224552155, 0, 0, 0, 0, 1, },
		{ 0.99667942523956, -3.6797787039689e-12, -0.081425540149212, 0, -1.9624857294787e-12, 1, -6.921366257906e-11, 0, 0.081425540149212, 6.9143621383994e-11, 0.99667942523956, 0, 0, 0, 0, 1, },
		{ 0.99671119451523, -3.6486369481281e-12, -0.081035532057285, 0, -1.9395596240201e-12, 1, -6.8881976511559e-11, 0, 0.081035532057285, 6.8812601450308e-11, 0.99671119451523, 0, 0, 0, 0, 1, },
		{ 0.99675011634827, -3.6105562983835e-12, -0.080555841326714, 0, -1.9115820037996e-12, 1, -6.847402506116e-11, 0, 0.080555841326714, 6.8405475728284e-11, 0.99675011634827, 0, 0, 0, 0, 1, },
		{ 0.99679893255234, -3.5626499580305e-12, -0.07994893938303, 0, -1.876498739381e-12, 1, -6.7957875438118e-11, 0, 0.07994893938303, 6.7890373878221e-11, 0.99679893255234, 0, 0, 0, 0, 1, },
		{ 0.99686056375504, -3.5021983143396e-12, -0.079177349805832, 0, -1.8323120798414e-12, 1, -6.7301691997201e-11, 0, 0.079177349805832, 6.723548107157e-11, 0.99686056375504, 0, 0, 0, 0, 1, },
		{ 0.99693739414215, -3.4266476375139e-12, -0.078203551471233, 0, -1.77724501782e-12, 1, -6.6473548887558e-11, 0, 0.078203551471233, 6.64089616631e-11, 0.99693739414215, 0, 0, 0, 0, 1, },
		{ 0.99703186750412, -3.3336109480503e-12, -0.076990038156509, 0, -1.7097988606538e-12, 1, -6.5441561891699e-11, 0, 0.076990038156509, 6.5378966129792e-11, 0.99703186750412, 0, 0, 0, 0, 1, },
		{ 0.99714583158493, -3.221090061345e-12, -0.075499273836613, 0, -1.6286971771251e-12, 1, -6.4173819036561e-11, 0, 0.075499273836613, 6.4113631070839e-11, 0.99714583158493, 0, 0, 0, 0, 1, },
		{ 0.99728089570999, -3.087252458886e-12, -0.073693662881851, 0, -1.5329404412512e-12, 1, -6.2638359776823e-11, 0, 0.073693662881851, 6.2581002879813e-11, 0.99728089570999, 0, 0, 0, 0, 1, },
		{ 0.99743801355362, -2.9309887850104e-12, -0.071535602211952, 0, -1.4221955861246e-12, 1, -6.0803223567163e-11, 0, 0.071535602211952, 6.0749183461439e-11, 0.99743801355362, 0, 0, 0, 0, 1, },
		{ 0.99761754274368, -2.7516322553822e-12, -0.068987414240837, 0, -1.2965739593085e-12, 1, -5.8636408228896e-11, 0, 0.068987414240837, 5.8586156759244e-11, 0.99761754274368, 0, 0, 0, 0, 1, },
		{ 0.99781787395477, -2.550182287564e-12, -0.066025801002979, 0, -1.1576295477767e-12, 1, -5.6118130975502e-11, 0, 0.066025801002979, 5.6072105292237e-11, 0.99781787395477, 0, 0, 0, 0, 1, },
		{ 0.99803340435028, -2.331856712931e-12, -0.062684752047062, 0, -1.0098032436276e-12, 1, -5.3277326994561e-11, 0, 0.062684752047062, 5.3235846286803e-11, 0.99803340435028, 0, 0, 0, 0, 1, },
		{ 0.99825721979141, -2.1029289420937e-12, -0.059012703597546, 0, -8.5836887727883e-13, 1, -5.015520290752e-11, 0, 0.059012703597546, 5.0118447586511e-11, 0.99825721979141, 0, 0, 0, 0, 1, },
		{ 0.99848312139511, -1.8692825065614e-12, -0.055058091878891, 0, -7.0810024510592e-13, 1, -4.679302084698e-11, 0, 0.055058091878891, 4.6761022137742e-11, 0.99848312139511, 0, 0, 0, 0, 1, },
		{ 0.99870532751083, -1.6364132271462e-12, -0.050869438797235, 0, -5.6349364193839e-13, 1, -4.3232022128858e-11, 0, 0.050869438797235, 4.3204717581347e-11, 0.99870532751083, 0, 0, 0, 0, 1, },
		{ 0.99891841411591, -1.4091505740055e-12, -0.046495322138071, 0, -4.2854606040026e-13, 1, -3.9513548683034e-11, 0, 0.046495322138071, 3.9490730130431e-11, 0.99891841411591, 0, 0, 0, 0, 1, },
		{ 0.99911820888519, -1.1918244169351e-12, -0.041984356939793, 0, -3.0636604364531e-13, 1, -3.5678952847729e-11, 0, 0.041984356939793, 3.5660353142619e-11, 0.99911820888519, 0, 0, 0, 0, 1, },
		{ 0.99930095672607, -9.8815400306762e-13, -0.037385236471891, 0, -1.9972912213007e-13, 1, -3.1769645941759e-11, 0, 0.037385236471891, 3.1754897322767e-11, 0.99930095672607, 0, 0, 0, 0, 1, },
		{ 0.99946361780167, -8.0097034690571e-13, -0.0327466763556, 0, -1.1030065072025e-13, 1, -2.7827027140881e-11, 0, 0.0327466763556, 2.7815721947988e-11, 0.99946361780167, 0, 0, 0, 0, 1, },
		{ 0.9996046423912, -6.3243854597772e-13, -0.028117435052991, 0, -3.9412917374193e-14, 1, -2.3892573683404e-11, 0, 0.028117435052991, 2.3884231398208e-11, 0.9996046423912, 0, 0, 0, 0, 1, },
		{ 0.99972307682037, -4.8344661607302e-13, -0.023533696308732, 0, 1.2823075934421e-14, 1, -1.9997004052641e-11, 0, 0.023533696308732, 1.9991161503974e-11, 0.99972307682037, 0, 0, 0, 0, 1, },
		{ 0.9998197555542, -3.5327296643572e-13, -0.018981222063303, 0, 4.7128967395338e-14, 1, -1.6128228960688e-11, 0, 0.018981222063303, 1.6124431650999e-11, 0.9998197555542, 0, 0, 0, 0, 1, },
		{ 0.99989587068558, -2.4069635173873e-13, -0.01443309430033, 0, 6.3726801613484e-14, 1, -1.2263367404897e-11, 0, 0.01443309430033, 1.2261170377614e-11, 0.99989587068558, 0, 0, 0, 0, 1, },
		{ 0.99995136260986, -1.4532819392343e-13, -0.0098624303936958, 0, 6.267208974009e-14, 1, -8.3795722097268e-12, 0, 0.0098624303936958, 8.3785452534291e-12, 0.99995136260986, 0, 0, 0, 0, 1, },
		{ 0.9999862909317, -6.6946448384897e-14, -0.0052422992885113, 0, 4.3631761479637e-14, 1, -4.4539710461478e-12, 0, 0.0052422992885113, 4.4536813473273e-12, 0.9999862909317, 0, 0, 0, 0, 1, },
		{ 0.99999988079071, -5.8841816069969e-15, -0.00054582953453064, 0, 5.6621374255883e-15, 1, -4.637349532155e-13, 0, 0.00054582953453064, 4.6373235113029e-13, 0.99999988079071, 0, 0, 0, 0, 1, },
		{ 0.99999094009399, 3.7136960173711e-14, 0.0042538880370557, 0, -5.2569056827869e-14, 1, 3.6139823772485e-12, 0, -0.0042538880370557, -3.6141729799904e-12, 0.99999094009399, 0, 0, 0, 0, 1, },
		{ 0.99995785951614, 6.1006755203152e-14, 0.0091837365180254, 0, -1.3272716259394e-13, 1, 7.8020012325708e-12, 0, -0.0091837365180254, -7.802891145714e-12, 0.99995785951614, 0, 0, 0, 0, 1, },
		{ 0.99989807605743, 6.400435736964e-14, 0.014270580373704, 0, -2.3697710460624e-13, 1, 1.2123124552843e-11, 0, -0.014270580373704, -1.2125271273145e-11, 0.99989807605743, 0, 0, 0, 0, 1, },
		{ 0.99980896711349, 4.3853806084562e-14, 0.019541246816516, 0, -3.683164884194e-13, 1, 1.6600110175347e-11, 0, -0.019541246816516, -1.6604138203258e-11, 0.99980896711349, 0, 0, 0, 0, 1, },
		{ 0.99968761205673, -1.8318679906315e-15, 0.024993086233735, 0, -5.2896576008266e-13, 1, 2.1230680408157e-11, 0, -0.024993086233735, -2.1237268887919e-11, 0.99968761205673, 0, 0, 0, 0, 1, },
		{ 0.99953460693359, -7.3663297683879e-14, 0.030505683273077, 0, -7.1714856275662e-13, 1, 2.5912534271089e-11, 0, -0.030505683273077, -2.5922349336516e-11, 0.99953460693359, 0, 0, 0, 0, 1, },
		{ 0.99935430288315, -1.6964207816272e-13, 0.035929244011641, 0, -9.2742480362062e-13, 1, 3.0518455818029e-11, 0, -0.035929244011641, -3.0532073397316e-11, 0.99935430288315, 0, 0, 0, 0, 1, },
		{ 0.99915450811386, -2.8477220581635e-13, 0.041114080697298, 0, -1.1519118991998e-12, 1, 3.4921354002959e-11, 0, -0.041114080697298, -3.4939186960292e-11, 0.99915450811386, 0, 0, 0, 0, 1, },
		{ 0.99894553422928, -4.1172620868224e-13, 0.04591066390276, 0, -1.3799517084578e-12, 1, 3.8994297374417e-11, 0, -0.04591066390276, -3.9016536529379e-11, 0.99894553422928, 0, 0, 0, 0, 1, },
		{ 0.99874073266983, -5.4084514644615e-13, 0.050169613212347, 0, -1.5988876889139e-12, 1, 4.2610519279673e-11, 0, -0.050169613212347, -4.2637081365537e-11, 0.99874073266983, 0, 0, 0, 0, 1, },
		{ 0.99855482578278, -6.6102673465171e-13, 0.053741712123156, 0, -1.7945088774327e-12, 1, 4.5643388374428e-11, 0, -0.053741712123156, -4.5673874404795e-11, 0.99855482578278, 0, 0, 0, 0, 1, },
		{ 0.9984039068222, -7.6044720650689e-13, 0.056477833539248, 0, -1.9516610549886e-12, 1, 4.7966387806131e-11, 0, -0.056477833539248, -4.8000051849906e-11, 0.9984039068222, 0, 0, 0, 0, 1, },
		{ 0.99830329418182, -8.2744922025313e-13, 0.058228895068169, 0, -2.0556334412447e-12, 1, 4.945301460002e-11, 0, -0.058228895068169, -4.9488808884224e-11, 0.99830329418182, 0, 0, 0, 0, 1, },
		{ 0.9982670545578, -8.5170753913108e-13, 0.05884575098753, 0, -2.0928256957292e-12, 1, 4.9976717209077e-11, 0, -0.05884575098753, -5.0013264363269e-11, 0.9982670545578, 0, 0, 0, 0, 1, },
		{ 0.99827682971954, -8.451572774959e-13, 0.058678526431322, 0, -2.0827228830456e-12, 1, 4.9834747439803e-11, 0, -0.058678526431322, -4.9871093366072e-11, 0.99827682971954, 0, 0, 0, 0, 1, },
		{ 0.99830394983292, -8.2700513104328e-13, 0.058216217905283, 0, -2.0548562851275e-12, 1, 4.9442259314469e-11, 0, -0.058216217905283, -4.9478032781991e-11, 0.99830394983292, 0, 0, 0, 0, 1, },
		{ 0.99834448099136, -7.9997120039366e-13, 0.057517822831869, 0, -2.0131118994016e-12, 1, 4.8849330830381e-11, 0, -0.057517822831869, -4.8884247344505e-11, 0.99834448099136, 0, 0, 0, 0, 1, },
		{ 0.99839454889297, -7.6660894429356e-13, 0.056642316281796, 0, -1.9613199953028e-12, 1, 4.8106039984841e-11, 0, -0.056642316281796, -4.8139898317645e-11, 0.99839454889297, 0, 0, 0, 0, 1, },
		{ 0.99845033884048, -7.2963857178365e-13, 0.05564870685339, 0, -1.9033663534174e-12, 1, 4.7262464775155e-11, 0, -0.05564870685339, -4.7295146965443e-11, 0.99845033884048, 0, 0, 0, 0, 1, },
		{ 0.99850845336914, -6.9139138858532e-13, 0.054596021771431, 0, -1.8429147097265e-12, 1, 4.6368717893097e-11, 0, -0.054596021771431, -4.6400178838057e-11, 0.99850845336914, 0, 0, 0, 0, 1, },
		{ 0.99856543540955, -6.540878407478e-13, 0.053543277084827, 0, -1.7834066471864e-12, 1, 4.5474908560994e-11, 0, -0.053543277084827, -4.5505169077309e-11, 0.99856543540955, 0, 0, 0, 0, 1, },
		{ 0.99861836433411, -6.1967098119453e-13, 0.052549511194229, 0, -1.7280065182576e-12, 1, 4.4631170287301e-11, 0, -0.052549511194229, -4.4660310172251e-11, 0.99861836433411, 0, 0, 0, 0, 1, },
		{ 0.998664021492, -5.901390487395e-13, 0.051673762500286, 0, -1.6799339697116e-12, 1, 4.3887626172134e-11, 0, -0.051673762500286, -4.3915805020278e-11, 0.998664021492, 0, 0, 0, 0, 1, },
		{ 0.9986999630928, -5.6699089867607e-13, 0.050975102931261, 0, -1.6421308757231e-12, 1, 4.3294423601736e-11, 0, -0.050975102931261, -4.3321849579891e-11, 0.9986999630928, 0, 0, 0, 0, 1, },
		{ 0.99872452020645, -5.5111470942393e-13, 0.050489604473114, 0, -1.6159850150729e-12, 1, 4.2882208201034e-11, 0, -0.050489604473114, -4.2909110292699e-11, 0.99872452020645, 0, 0, 0, 0, 1, },
		{ 0.9987410902977, -5.4056759068999e-13, 0.050161354243755, 0, -1.5984991108553e-12, 1, 4.2603500588489e-11, 0, -0.050161354243755, -4.263005573546e-11, 0.9987410902977, 0, 0, 0, 0, 1, },
		{ 0.99875366687775, -5.3251847376146e-13, 0.049911420792341, 0, -1.5851764345598e-12, 1, 4.239129533512e-11, 0, -0.049911420792341, -4.2417583334675e-11, 0.99875366687775, 0, 0, 0, 0, 1, },
		{ 0.99876618385315, -5.2458037913539e-13, 0.04966089501977, 0, -1.5719647805668e-12, 1, 4.2178587011943e-11, 0, -0.04966089501977, -4.2204607864083e-11, 0.99876618385315, 0, 0, 0, 0, 1, },
		{ 0.99878245592117, -5.1414428270391e-13, 0.049330845475197, 0, -1.5545896818112e-12, 1, 4.1898345903846e-11, 0, -0.049330845475197, -4.1924023280737e-11, 0.99878245592117, 0, 0, 0, 0, 1, },
		{ 0.99880647659302, -4.9893422726655e-13, 0.048842344433069, 0, -1.5291101718162e-12, 1, 4.1483570051293e-11, 0, -0.048842344433069, -4.1508747827823e-11, 0.99880647659302, 0, 0, 0, 0, 1, },
		{ 0.99884170293808, -4.7661874447158e-13, 0.04811642691493, 0, -1.4914736112814e-12, 1, 4.0867212391937e-11, 0, -0.04811642691493, -4.0891644237373e-11, 0.99884170293808, 0, 0, 0, 0, 1, },
		{ 0.99889141321182, -4.4542147747961e-13, 0.047074157744646, 0, -1.4382939284019e-12, 1, 3.998222933288e-11, 0, -0.047074157744646, -4.0005613405336e-11, 0.99889141321182, 0, 0, 0, 0, 1, },
		{ 0.99895811080933, -4.0395462040481e-13, 0.045636538416147, 0, -1.3664069875574e-12, 1, 3.8761535647858e-11, 0, -0.045636538416147, -3.8783511124851e-11, 0.99895811080933, 0, 0, 0, 0, 1, },
		{ 0.99904358386993, -3.5144109844509e-13, 0.043724555522203, 0, -1.2735923426987e-12, 1, 3.7138028763373e-11, 0, -0.043724555522203, -3.7158200127951e-11, 0.99904358386993, 0, 0, 0, 0, 1, },
		{ 0.99916982650757, -2.7566837701443e-13, 0.040738683193922, 0, -1.1349254869231e-12, 1, 3.4602584686461e-11, 0, -0.040738683193922, -3.462009151578e-11, 0.99916982650757, 0, 0, 0, 0, 1, },
		{ 0.99933743476868, -1.7907896031951e-13, 0.036394316703081, 0, -9.4657604237519e-13, 1, 3.0913403781252e-11, 0, -0.036394316703081, -3.0927378713574e-11, 0.99933743476868, 0, 0, 0, 0, 1, },
		{ 0.99951678514481, -8.2711615334574e-14, 0.031084889546037, 0, -7.3840933367819e-13, 1, 2.640443419466e-11, 0, -0.031084889546037, -2.6414630899252e-11, 0.99951678514481, 0, 0, 0, 0, 1, },
		{ 0.99968230724335, -4.1078251911131e-15, 0.025204114615917, 0, -5.3568260938164e-13, 1, 2.1409910302972e-11, 0, -0.025204114615917, -2.1416615009207e-11, 0.99968230724335, 0, 0, 0, 0, 1, },
		{ 0.99981671571732, 4.6185277824407e-14, 0.019146064296365, 0, -3.5765834738299e-13, 1, 1.6264444652192e-11, 0, -0.019146064296365, -1.626831135082e-11, 0.99981671571732, 0, 0, 0, 0, 1, },
		{ 0.99991142749786, 6.5114580394265e-14, 0.013305047526956, 0, -2.1549428907974e-13, 1, 1.1302954232295e-11, 0, -0.013305047526956, -1.1304820794755e-11, 0.99991142749786, 0, 0, 0, 0, 1, },
		{ 0.99996739625931, 5.7454041524352e-14, 0.0080755297094584, 0, -1.1290968160438e-13, 1, 6.860577210499e-12, 0, -0.0080755297094584, -6.8612650283573e-12, 0.99996739625931, 0, 0, 0, 0, 1, },
		{ 0.99999260902405, 3.4361402612149e-14, 0.0038519573863596, 0, -4.6962433941644e-14, 1, 3.272520275599e-12, 0, -0.0038519573863596, -3.2726781354353e-12, 0.99999260902405, 0, 0, 0, 0, 1, },
		{ 0.99999940395355, 1.0436096431476e-14, 0.0010286904871464, 0, -1.1268763699945e-14, 1, 8.7396062609102e-13, 0, -0.0010286904871464, -8.7397276915535e-13, 0.99999940395355, 0, 0, 0, 0, 1, },
		{ 1, 0, -1.862645149231e-09, 0, 0, 1, -8.673617379884e-19, 0, 1.862645149231e-09, 1.7347234759768e-18, 1, 0, 0, 0, 0, 1, },
	},
}
end
