function data()
return {
	times = { 0, 41.667, 83.333, 125, 166.667, 208.333, 250, 291.667, 333.333, 375, 416.667, 458.333, 500, 541.667, 583.333, 625, 666.667, 708.333, 750, 791.667, 833.333, 875, 916.667, 958.333, 1000, 1041.667, 1083.333, 1125, 1166.667, 1208.333, 1250, 1291.667, 1333.333, 1375, 1416.667, 1458.333, 1500, 1541.667, 1583.333, 1625, 1666.667, 1708.333, 1750, 1791.667, 1833.333, 1875, 1916.667, 1958.333, 2000, 2041.667, 2083.333, 2125, 2166.667, 2208.333, 2250, 2291.667, 2333.333, 2375, 2416.667, 2458.333, 2500, 2541.667, 2583.333, 2625, 2666.667, 2708.333, 2750, 2791.667, 2833.333, 2875, 2916.667, 2958.333, 3000, 3041.667, 3083.333, 3125, 3166.667, 3208.333, 3250, 3291.667, 3333.333, 3375, 3416.667, 3458.333, 3500, 3541.667, 3583.333, 3625, 3666.667, 3708.333, 3750, 3791.667, 3833.333, 3875, 3916.667, 3958.333, 4000, 4041.667, 4083.333, 4125, 4166.667, },
	transfs = {
		{ 1.0000001192093, -8.8817841970013e-16, -3.0642601803152e-18, 0, 0, 1, 5.5511151231258e-17, 0, -3.0642601803152e-18, 0, 1.0000001192093, 0, 0, -1.5258788721439e-07, 0, 1, },
		{ 0.99999958276749, -4.8272497110702e-13, -0.00093770021339878, 0, 4.8760995241537e-13, 1, 5.5572768609125e-12, 0, 0.00093770021339878, -5.5576654389711e-12, 0.99999958276749, 0, 0, -1.5258788721439e-07, 0, 1, },
		{ 0.99999362230301, -1.8212098495951e-12, -0.0035953223705292, 0, 1.8975931936893e-12, 1, 2.1305235353708e-11, 0, 0.0035953223705292, -2.1311896691856e-11, 0.99999362230301, 0, 0, -1.5258788721439e-07, 0, 1, },
		{ 0.99997019767761, -3.8249403644386e-12, -0.0077394843101501, 0, 4.1793235538989e-12, 1, 4.5854542385371e-11, 0, 0.0077394843101501, -4.5885462096606e-11, 0.99997019767761, 0, 0, -1.5258788721439e-07, 0, 1, },
		{ 0.99991381168365, -6.2811977841193e-12, -0.013136759400368, 0, 7.303935234404e-12, 1, 7.7813699927987e-11, 0, 0.013136759400368, -7.7902961859166e-11, 0.99991381168365, 0, 0, -1.5258788721439e-07, 0, 1, },
		{ 0.99980896711349, -8.977263377119e-12, -0.019553599879146, 0, 1.1243450614984e-11, 1, 1.1579059933098e-10, 0, 0.019553599879146, -1.1598827454051e-10, 0.99980896711349, 0, 0, -1.5258788721439e-07, 0, 1, },
		{ 0.99964207410812, -1.1712852909795e-11, -0.026756195351481, 0, 1.5956125309913e-11, 1, 1.5839246580995e-10, 0, 0.026756195351481, -1.5876255865521e-10, 0.99964207410812, 0, 0, -1.5258788721439e-07, 0, 1, },
		{ 0.99940437078476, -1.4312994366106e-11, -0.034510672092438, 0, 2.137356784615e-11, 1, 2.0422845359302e-10, 0, 0.034510672092438, -2.0484436369372e-10, 0.99940437078476, 0, 0, -1.5258788721439e-07, 0, 1, },
		{ 0.9990930557251, -1.6641354960711e-11, -0.042582988739014, 0, 2.7392310641972e-11, 1, 2.5191021491011e-10, 0, 0.042582988739014, -2.5284807581016e-10, 0.9990930557251, 0, 0, -1.5258788721439e-07, 0, 1, },
		{ 0.99871206283569, -1.860023246536e-11, -0.050739526748657, 0, 3.3868016030558e-11, 1, 3.0005503637298e-10, 0, 0.050739526748657, -3.0138683215775e-10, 0.99871206283569, 0, 0, -1.5258788721439e-07, 0, 1, },
		{ 0.99827301502228, -2.0138113399071e-11, -0.058746688067913, 0, 4.0609734325292e-11, 1, 3.4728470099665e-10, 0, 0.058746688067913, -3.4907043922061e-10, 0.99827301502228, 0, 0, -1.5258788721439e-07, 0, 1, },
		{ 0.99779188632965, -2.1253665494214e-11, -0.066418759524822, 0, 4.7427395344357e-11, 1, 3.9250641625799e-10, 0, 0.066418759524822, -3.947896176637e-10, 0.99779188632965, 0, 0, -1.5258788721439e-07, 0, 1, },
		{ 0.99727612733841, -2.1991741760985e-11, -0.073759987950325, 0, 5.4280135941553e-11, 1, 4.3574949204483e-10, 0, 0.073759987950325, -4.3856607234716e-10, 0.99727612733841, 0, 0, -1.5258788721439e-07, 0, 1, },
		{ 0.9967285990715, -2.2398527477208e-11, -0.080821886658669, 0, 6.1175953192105e-11, 1, 4.773205719566e-10, 0, 0.080821886658669, -4.8070325497918e-10, 0.9967285990715, 0, 0, -1.5258788721439e-07, 0, 1, },
		{ 0.99615085124969, -2.2507327598897e-11, -0.087656043469906, 0, 6.8133498842826e-11, 1, 5.1752629959267e-10, 0, 0.087656043469906, -5.2150633811365e-10, 0.99615085124969, 0, 0, -1.5258788721439e-07, 0, 1, },
		{ 0.99554258584976, -2.2344348593606e-11, -0.094313882291317, 0, 7.5180750513937e-11, 1, 5.5667126463987e-10, 0, 0.094313882291317, -5.6128030001545e-10, 0.99554258584976, 0, 0, -1.5258788721439e-07, 0, 1, },
		{ 0.99490201473236, -2.1925572468717e-11, -0.1008468568325, 0, 8.2355011699065e-11, 1, 5.9505950167349e-10, 0, 0.1008468568325, -6.0033078508326e-10, 0.99490201473236, 0, 0, -1.5258788721439e-07, 0, 1, },
		{ 0.99422603845596, -2.1258994564732e-11, -0.10730624198914, 0, 8.9701135408404e-11, 1, 6.3299315788967e-10, 0, 0.10730624198914, -6.3896354873805e-10, 0.99422603845596, 0, 0, -1.5258788721439e-07, 0, 1, },
		{ 0.99351024627686, -2.0344614881651e-11, -0.11374320834875, 0, 9.7271517229824e-11, 1, 6.7077338128385e-10, 0, 0.11374320834875, -6.7748406884505e-10, 0.99351024627686, 0, 0, -1.5258788721439e-07, 0, 1, },
		{ 0.99274867773056, -1.9173993989763e-11, -0.12020876258612, 0, 1.0512790638018e-10, 1, 7.0869959900577e-10, 0, 0.12020876258612, -7.1619754571373e-10, 0.99274867773056, 0, 0, -1.5258788721439e-07, 0, 1, },
		{ 0.99193423986435, -1.7731149881683e-11, -0.12675382196903, 0, 1.133386648422e-10, 1, 7.4706940633718e-10, 0, 0.12675382196903, -7.5540962374276e-10, 0.99193423986435, 0, 0, -1.5258788721439e-07, 0, 1, },
		{ 0.99106067419052, -1.5996093338799e-11, -0.13341216742992, 0, 1.2195888743349e-10, 1, 7.8608020093185e-10, 0, 0.13341216742992, -7.9532369579027e-10, 0.99106067419052, 0, 0, -1.5258788721439e-07, 0, 1, },
		{ 0.99013036489487, -1.3965716604003e-11, -0.14014975726604, 0, 1.3095569073585e-10, 1, 8.2553147651154e-10, 0, 0.14014975726604, -8.3573692410965e-10, 0.99013036489487, 0, 0, -1.5258788721439e-07, 0, 1, },
		{ 0.98914903402328, -1.1648015885157e-11, -0.1469159424305, 0, 1.4027090600166e-10, 1, 8.651254157499e-10, 0, 0.1469159424305, -8.7634560719252e-10, 0.98914903402328, 0, 0, -1.5258788721439e-07, 0, 1, },
		{ 0.98812383413315, -9.0585317025216e-12, -0.15366005897522, 0, 1.4983347895736e-10, 1, 9.0456625523316e-10, 0, 0.15366005897522, -9.1684654313084e-10, 0.98812383413315, 0, 0, -1.5258788721439e-07, 0, 1, },
		{ 0.98706322908401, -6.2221339192092e-12, -0.1603317707777, 0, 1.5956880261569e-10, 1, 9.435596748375e-10, 0, 0.1603317707777, -9.5693653001661e-10, 0.98706322908401, 0, 0, -1.5258788721439e-07, 0, 1, },
		{ 0.98597705364227, -3.1707969583294e-12, -0.16688095033169, 0, 1.6939205593758e-10, 1, 9.8181351937399e-10, 0, 0.16688095033169, -9.963134761648e-10, 0.98597705364227, 0, 0, -1.5258788721439e-07, 0, 1, },
		{ 0.98487663269043, 5.4622972811558e-14, -0.1732577085495, 0, 1.7921175654578e-10, 1, 1.019037965122e-09, 0, 0.1732577085495, -1.0346759005131e-09, 0.98487663269043, 0, 0, -1.5258788721439e-07, 0, 1, },
		{ 0.98377400636673, 3.4070524179697e-12, -0.17941237986088, 0, 1.8892885866872e-10, 1, 1.0549450202291e-09, 0, 0.17941237986088, -1.0717232656887e-09, 0.98377400636673, 0, 0, -1.5258788721439e-07, 0, 1, },
		{ 0.98268294334412, 6.8323120598623e-12, -0.18529556691647, 0, 1.984368225294e-10, 1, 1.0892493573778e-09, 0, 0.18529556691647, -1.1071557004527e-09, 0.98268294334412, 0, 0, -1.5258788721439e-07, 0, 1, },
		{ 0.98161762952805, 1.0269562977783e-11, -0.19085812568665, 0, 2.0762590258183e-10, 1, 1.1216664264069e-09, 0, 0.19085812568665, -1.1406742217446e-09, 0.98161762952805, 0, 0, -1.5258788721439e-07, 0, 1, },
		{ 0.98059326410294, 1.365529911368e-11, -0.19605359435081, 0, 2.1638424385628e-10, 1, 1.1519291076567e-09, 0, 0.19605359435081, -1.1719963888268e-09, 0.98059326410294, 0, 0, -1.5258788721439e-07, 0, 1, },
		{ 0.97962301969528, 1.6927792501065e-11, -0.20084564387798, 0, 2.246123148586e-10, 1, 1.1798289012432e-09, 0, 0.20084564387798, -1.2008992689161e-09, 0.97962301969528, 0, 0, -1.5258788721439e-07, 0, 1, },
		{ 0.97872000932693, 2.0027979275028e-11, -0.20520041882992, 0, 2.3221467804202e-10, 1, 1.2051718512041e-09, 0, 0.20520041882992, -1.2271760274629e-09, 0.97872000932693, 0, 0, -1.5258788721439e-07, 0, 1, },
		{ 0.97789776325226, 2.2894129300677e-11, -0.2090842872858, 0, 2.3909718649406e-10, 1, 1.2277654448667e-09, 0, 0.2090842872858, -1.2506198299178e-09, 0.97789776325226, 0, 0, -1.5258788721439e-07, 0, 1, },
		{ 0.97716909646988, 2.5464963471222e-11, -0.21246352791786, 0, 2.4516211283299e-10, 1, 1.2474166144472e-09, 0, 0.21246352791786, -1.2710243968428e-09, 0.97716909646988, 0, 0, -1.5258788721439e-07, 0, 1, },
		{ 0.97654712200165, 2.7682744985214e-11, -0.21530446410179, 0, 2.5031796080377e-10, 1, 1.2639324031838e-09, 0, 0.21530446410179, -1.2881835598222e-09, 0.97654712200165, 0, 0, -1.5258788721439e-07, 0, 1, },
		{ 0.97604405879974, 2.9491072778276e-11, -0.21757331490517, 0, 2.5447199902828e-10, 1, 1.2771192992034e-09, 0, 0.21757331490517, -1.3018905953288e-09, 0.97604405879974, 0, 0, -1.5258788721439e-07, 0, 1, },
		{ 0.97567194700241, 3.0836666553569e-11, -0.21923619508743, 0, 2.5753799093309e-10, 1, 1.2867823473428e-09, 0, 0.21923619508743, -1.3119384467686e-09, 0.97567194700241, 0, 0, -1.5258788721439e-07, 0, 1, },
		{ 0.97544145584106, 3.1673330624926e-11, -0.22025911509991, 0, 2.5943200365752e-10, 1, 1.2927259263051e-09, 0, 0.22025911509991, -1.318120279592e-09, 0.97544145584106, 0, 0, -1.5258788721439e-07, 0, 1, },
		{ 0.97536265850067, 3.1960212254489e-11, -0.22060775756836, 0, 2.6007906939185e-10, 1, 1.2947516392359e-09, 0, 0.22060775756836, -1.3202272608481e-09, 0.97536265850067, 0, 0, -1.5258788721439e-07, 0, 1, },
		{ 0.97558468580246, 3.1153302160192e-11, -0.21962432563305, 0, 2.5825563909621e-10, 1, 1.2890375433727e-09, 0, 0.21962432563305, -1.3142840149527e-09, 0.97558468580246, 0, 0, -1.5258788721439e-07, 0, 1, },
		{ 0.97619390487671, 2.8951063768545e-11, -0.21690009534359, 0, 2.5323607100169e-10, 1, 1.2732068732646e-09, 0, 0.21690009534359, -1.2978231822558e-09, 0.97619390487671, 0, 0, -1.5258788721439e-07, 0, 1, },
		{ 0.97710174322128, 2.5704327555331e-11, -0.21277323365211, 0, 2.4572163748182e-10, 1, 1.2492171741485e-09, 0, 0.21277323365211, -1.2728949005947e-09, 0.97710174322128, 0, 0, -1.5258788721439e-07, 0, 1, },
		{ 0.97821772098541, 2.1773693958949e-11, -0.2075816988945, 0, 2.3642288127235e-10, 1, 1.2190254361499e-09, 0, 0.2075816988945, -1.2415488637174e-09, 0.97821772098541, 0, 0, -1.5258788721439e-07, 0, 1, },
		{ 0.97945481538773, 1.7501555760191e-11, -0.20166425406933, 0, 2.2603208194028e-10, 1, 1.1845937564203e-09, 0, 0.20166425406933, -1.2058379850188e-09, 0.97945481538773, 0, 0, -1.5258788721439e-07, 0, 1, },
		{ 0.98073148727417, 1.3194333646493e-11, -0.19536101818085, 0, 2.1520651927176e-10, 1, 1.1478960004752e-09, 0, 0.19536101818085, -1.1678201738974e-09, 0.98073148727417, 0, 0, -1.5258788721439e-07, 0, 1, },
		{ 0.98197442293167, 9.1082696940248e-12, -0.18901389837265, 0, 2.0455813432019e-10, 1, 1.1109206887738e-09, 0, 0.18901389837265, -1.1295596680228e-09, 0.98197442293167, 0, 0, -1.5258788721439e-07, 0, 1, },
		{ 0.98311930894852, 5.4503068724898e-12, -0.18296651542187, 0, 1.9464696521254e-10, 1, 1.075671107742e-09, 0, 0.18296651542187, -1.093126367202e-09, 0.98311930894852, 0, 0, -1.5258788721439e-07, 0, 1, },
		{ 0.98410940170288, 2.375433183488e-12, -0.17756396532059, 0, 1.8598587947505e-10, 1, 1.0441634223923e-09, 0, 0.17756396532059, -1.0605949452014e-09, 0.98410940170288, 0, 0, -1.5258788721439e-07, 0, 1, },
		{ 0.98489505052567, -4.4408920985006e-16, -0.17315258085728, 0, 1.7904742966035e-10, 1, 1.0184244558786e-09, 0, 0.17315258085728, -1.034043406456e-09, 0.98489505052567, 0, 0, -1.5258788721439e-07, 0, 1, },
		{ 0.98544824123383, -1.6364686298773e-12, -0.16997636854649, 0, 1.7412737918221e-10, 1, 9.9988572976883e-10, 0, 0.16997636854649, -1.0149328044662e-09, 0.98544824123383, 0, 0, -1.5258788721439e-07, 0, 1, },
		{ 0.9858096241951, -2.6885158595918e-12, -0.16786809265614, 0, 1.7089574200213e-10, 1, 9.8757724220633e-10, 0, 0.16786809265614, -1.0022506158336e-09, 0.9858096241951, 0, 0, -1.5258788721439e-07, 0, 1, },
		{ 0.98603200912476, -3.3280043217759e-12, -0.16655668616295, 0, 1.6889999121528e-10, 1, 9.7991992298319e-10, 0, 0.16655668616295, -9.9436336942205e-10, 0.98603200912476, 0, 0, -1.5258788721439e-07, 0, 1, },
		{ 0.98616445064545, -3.7068126346185e-12, -0.16577053070068, 0, 1.6770806965383e-10, 1, 9.7532915077636e-10, 0, 0.16577053070068, -9.8963548467168e-10, 0.98616445064545, 0, 0, -1.5258788721439e-07, 0, 1, },
		{ 0.98625385761261, -3.9617198410724e-12, -0.16523756086826, 0, 1.6690247794937e-10, 1, 9.7221652950452e-10, 0, 0.16523756086826, -9.8643038182189e-10, 0.98625385761261, 0, 0, -1.5258788721439e-07, 0, 1, },
		{ 0.98634612560272, -4.2232883856741e-12, -0.16468551754951, 0, 1.6606936659169e-10, 1, 9.6899244184101e-10, 0, 0.16468551754951, -9.8311081497826e-10, 0.98634612560272, 0, 0, -1.5258788721439e-07, 0, 1, },
		{ 0.9864866733551, -4.6198600500702e-12, -0.16384209692478, 0, 1.6480150577536e-10, 1, 9.6406616023614e-10, 0, 0.16384209692478, -9.7803942722408e-10, 0.9864866733551, 0, 0, -1.5258788721439e-07, 0, 1, },
		{ 0.98671931028366, -5.2708943980295e-12, -0.16243475675583, 0, 1.6269428859683e-10, 1, 9.5584584691721e-10, 0, 0.16243475675583, -9.695781955088e-10, 0.98671931028366, 0, 0, -1.5258788721439e-07, 0, 1, },
		{ 0.98708617687225, -6.2847504977981e-12, -0.16019064188004, 0, 1.5936008068707e-10, 1, 9.4273500117481e-10, 0, 0.16019064188004, -9.5608831962579e-10, 0.98708617687225, 0, 0, -1.5258788721439e-07, 0, 1, },
		{ 0.98762464523315, -7.742251284526e-12, -0.15683618187904, 0, 1.5443422929362e-10, 1, 9.2313223731821e-10, 0, 0.15683618187904, -9.3592877892235e-10, 0.98762464523315, 0, 0, -1.5258788721439e-07, 0, 1, },
		{ 0.98835378885269, -9.6531671545108e-12, -0.15217414498329, 0, 1.477027389285e-10, 1, 8.9587842699856e-10, 0, 0.15217414498329, -9.0792096063552e-10, 0.98835378885269, 0, 0, -1.5258788721439e-07, 0, 1, },
		{ 0.98923796415329, -1.1864730552202e-11, -0.14631575345993, 0, 1.3943290966267e-10, 1, 8.6161433543452e-10, 0, 0.14631575345993, -8.727426004107e-10, 0.98923796415329, 0, 0, -1.5258788721439e-07, 0, 1, },
		{ 0.99022930860519, -1.4189982522339e-11, -0.1394497603178, 0, 1.3000844845124e-10, 1, 8.2143364332765e-10, 0, 0.1394497603178, -8.315369504075e-10, 0.99022930860519, 0, 0, -1.5258788721439e-07, 0, 1, },
		{ 0.99128103256226, -1.6450396600476e-11, -0.13176533579826, 0, 1.1980194614125e-10, 1, 7.7643358409318e-10, 0, 0.13176533579826, -7.8544937220926e-10, 0.99128103256226, 0, 0, -1.5258788721439e-07, 0, 1, },
		{ 0.99235057830811, -1.8491430608947e-11, -0.12345243990421, 0, 1.0916467729771e-10, 1, 7.2771805248451e-10, 0, 0.12345243990421, -7.356278919346e-10, 0.99235057830811, 0, 0, -1.5258788721439e-07, 0, 1, },
		{ 0.99339997768402, -2.0187407301364e-11, -0.11470199376345, 0, 9.842082704381e-11, 1, 6.7639888134963e-10, 0, 0.11470199376345, -6.83223422282e-10, 0.99339997768402, 0, 0, -1.5258788721439e-07, 0, 1, },
		{ 0.99439752101898, -2.1447732478919e-11, -0.10570575296879, 0, 8.7857277009107e-11, 1, 6.2359611918694e-10, 0, 0.10570575296879, -6.2938926292944e-10, 0.99439752101898, 0, 0, -1.5258788721439e-07, 0, 1, },
		{ 0.99531781673431, -2.2223556328527e-11, -0.096656419336796, 0, 7.7724049418748e-11, 1, 5.7043875179019e-10, 0, 0.096656419336796, -5.7528015684483e-10, 0.99531781673431, 0, 0, -1.5258788721439e-07, 0, 1, },
		{ 0.99614280462265, -2.2507327598897e-11, -0.08774745464325, 0, 6.8228533933734e-11, 1, 5.180639806035e-10, 0, 0.08774745464325, -5.2205234579716e-10, 0.99614280462265, 0, 0, -1.5258788721439e-07, 0, 1, },
		{ 0.99686098098755, -2.2330137738891e-11, -0.07917283475399, 0, 5.9539484453808e-11, 1, 4.6761550187568e-10, 0, 0.07917283475399, -4.7086140542163e-10, 0.99686098098755, 0, 0, -1.5258788721439e-07, 0, 1, },
		{ 0.99747002124786, -2.1760371282653e-11, -0.071088902652264, 0, 5.1750156243591e-11, 1, 4.2001896405353e-10, 0, 0.071088902652264, -4.226349270553e-10, 0.99747002124786, 0, 0, -1.5258788721439e-07, 0, 1, },
		{ 0.99798196554184, -2.0870416506114e-11, -0.063499048352242, 0, 4.4791281794687e-11, 1, 3.7530026308907e-10, 0, 0.063499048352242, -3.7738695501943e-10, 0.99798196554184, 0, 0, -1.5258788721439e-07, 0, 1, },
		{ 0.99841010570526, -1.9721113631022e-11, -0.056368142366409, 0, 3.8566923959982e-11, 1, 3.3325842085929e-10, 0, 0.056368142366409, -3.3490238360301e-10, 0.99841010570526, 0, 0, -1.5258788721439e-07, 0, 1, },
		{ 0.99876624345779, -1.8363531181786e-11, -0.049660954624414, 0, 3.2988722864502e-11, 1, 2.9369079390662e-10, 0, 0.049660954624414, -2.9496649567307e-10, 0.99876624345779, 0, 0, -1.5258788721439e-07, 0, 1, },
		{ 0.99906039237976, -1.6839862837514e-11, -0.043341975659132, 0, 2.797850666425e-11, 1, 2.5639168566016e-10, 0, 0.043341975659132, -2.5736332509574e-10, 0.99906039237976, 0, 0, -1.5258788721439e-07, 0, 1, },
		{ 0.99930137395859, -1.5183410084774e-11, -0.037375524640083, 0, 2.3465229759267e-11, 1, 2.2115446973725e-10, 0, 0.037375524640083, -2.2187690573716e-10, 0.99930137395859, 0, 0, -1.5258788721439e-07, 0, 1, },
		{ 0.99949669837952, -1.3419931832459e-11, -0.031725704669952, 0, 1.9386714456004e-11, 1, 1.8777035482032e-10, 0, 0.031725704669952, -1.8829082737426e-10, 0.99949669837952, 0, 0, -1.5258788721439e-07, 0, 1, },
		{ 0.99965268373489, -1.1568967138442e-11, -0.02635663561523, 0, 1.5686119070324e-11, 1, 1.5602980019125e-10, 0, 0.02635663561523, -1.5638901285087e-10, 0.99965268373489, 0, 0, -1.5258788721439e-07, 0, 1, },
		{ 0.99977457523346, -9.6420649242646e-12, -0.021232351660728, 0, 1.2314149699932e-11, 1, 1.2572248797582e-10, 0, 0.021232351660728, -1.2595552378869e-10, 0.99977457523346, 0, 0, -1.5258788721439e-07, 0, 1, },
		{ 0.99986696243286, -7.6476602828279e-12, -0.01631660759449, 0, 9.2259533346351e-12, 1, 9.6635699442515e-11, 0, 0.01631660759449, -9.6773360158675e-11, 0.99986696243286, 0, 0, -1.5258788721439e-07, 0, 1, },
		{ 0.99993294477463, -5.5950799549009e-12, -0.011589795351028, 0, 6.3904432960615e-12, 1, 6.8655248153249e-11, 0, 0.011589795351028, -6.8724637092288e-11, 0.99993294477463, 0, 0, -1.5258788721439e-07, 0, 1, },
		{ 0.99997490644455, -3.5211833449011e-12, -0.0070975124835968, 0, 3.8191672047105e-12, 1, 4.2052139548332e-11, 0, 0.0070975124835968, -4.2078226319964e-11, 0.99997490644455, 0, 0, -1.5258788721439e-07, 0, 1, },
		{ 0.99999588727951, -1.4761524251214e-12, -0.0029017925262451, 0, 1.5258905250448e-12, 1, 1.7195966872663e-11, 0, 0.0029017925262451, -1.720035225361e-11, 0.99999588727951, 0, 0, -1.5258788721439e-07, 0, 1, },
		{ 0.99999958276749, 4.8538945215601e-13, 0.00093537563225254, 0, -4.8050452505777e-13, 1, -5.5440096957682e-12, 0, -0.00093537563225254, 5.5435651728775e-12, 0.99999958276749, 0, 0, -1.5258788721439e-07, 0, 1, },
		{ 0.99999058246613, 2.3057111775415e-12, 0.004352018237114, 0, -2.1938006966593e-12, 1, -2.5798417221945e-11, 0, -0.004352018237114, 2.5788537971749e-11, 0.99999058246613, 0, 0, -1.5258788721439e-07, 0, 1, },
		{ 0.99997353553772, 3.9235281690253e-12, 0.0072862501256168, 0, -3.6095570976613e-12, 1, -4.3197501131687e-11, 0, -0.0072862501256168, 4.317013413413e-11, 0.99997353553772, 0, 0, -1.5258788721439e-07, 0, 1, },
		{ 0.99995321035385, 5.2793325266975e-12, 0.0096760392189026, 0, -4.7246651035948e-12, 1, -5.7371826039931e-11, 0, -0.0096760392189026, 5.7323368274353e-11, 0.99995321035385, 0, 0, -1.5258788721439e-07, 0, 1, },
		{ 0.99993443489075, 6.3131722072285e-12, 0.011459678411484, 0, -5.5351279115712e-12, 1, -6.7952810045568e-11, 0, -0.011459678411484, 6.7884864396461e-11, 0.99993443489075, 0, 0, -1.5258788721439e-07, 0, 1, },
		{ 0.99992102384567, 6.9695360593869e-12, 0.012575238011777, 0, -6.0329514821322e-12, 1, -7.4571404606871e-11, 0, -0.012575238011777, 7.4489581169956e-11, 0.99992102384567, 0, 0, -1.5258788721439e-07, 0, 1, },
		{ 0.9999161362648, 7.1982420024597e-12, 0.012960865162313, 0, -6.2025939939758e-12, 1, -7.685940772717e-11, 0, -0.012960865162313, 7.6772477264342e-11, 0.9999161362648, 0, 0, -1.5258788721439e-07, 0, 1, },
		{ 0.99992072582245, 6.9828583020015e-12, 0.012597933411598, 0, -6.0427214447489e-12, 1, -7.4706074659758e-11, 0, -0.012597933411598, 7.4623973667087e-11, 0.99992072582245, 0, 0, -1.5258788721439e-07, 0, 1, },
		{ 0.9999326467514, 6.4033223168281e-12, 0.011612981557846, 0, -5.6039613054171e-12, 1, -6.8862304747341e-11, 0, -0.011612981557846, 6.8792575802501e-11, 0.9999326467514, 0, 0, -1.5258788721439e-07, 0, 1, },
		{ 0.99994850158691, 5.5586646396932e-12, 0.010161444544792, 0, -4.9471533640488e-12, 1, -6.0251137412592e-11, 0, -0.010161444544792, 6.0197791196259e-11, 0.99994850158691, 0, 0, -1.5258788721439e-07, 0, 1, },
		{ 0.99996477365494, 4.5505821333336e-12, 0.0083987563848495, 0, -4.1326941868647e-12, 1, -4.9795664119889e-11, 0, -0.0083987563848495, 4.975919329353e-11, 0.99996477365494, 0, 0, -1.5258788721439e-07, 0, 1, },
		{ 0.99997901916504, 3.4745539778669e-12, 0.0064805448055267, 0, -3.2258640203509e-12, 1, -3.8419600834061e-11, 0, -0.0064805448055267, 3.8397836993331e-11, 0.99997901916504, 0, 0, -1.5258788721439e-07, 0, 1, },
		{ 0.9999897480011, 2.419842104473e-12, 0.0045623183250427, 0, -2.2968291765041e-12, 1, -2.7045197678599e-11, 0, -0.0045623183250427, 2.7034430249984e-11, 0.9999897480011, 0, 0, -1.5258788721439e-07, 0, 1, },
		{ 0.99999618530273, 1.4699351761835e-12, 0.0027995852287859, 0, -1.4237498983591e-12, 1, -1.6594559060223e-11, 0, -0.0027995852287859, 1.6590506746184e-11, 0.99999618530273, 0, 0, -1.5258788721439e-07, 0, 1, },
		{ 0.99999922513962, 7.0121686235325e-13, 0.0013479291228577, 0, -6.9055866710674e-13, 1, -7.98949795211e-12, 0, -0.0013479291228577, 7.9884987513879e-12, 0.99999922513962, 0, 0, -1.5258788721439e-07, 0, 1, },
		{ 1, 1.8696155734688e-13, 0.00036288797855377, 0, -1.865174545845e-13, 1, -2.1509460879088e-12, 0, -0.00036288797855377, 2.1508350656063e-12, 1, 0, 0, -1.5258788721439e-07, 0, 1, },
		{ 1.0000001192093, -8.8817841970013e-16, -3.0642601803152e-18, 0, 0, 1, 5.5511151231258e-17, 0, -3.0642601803152e-18, 0, 1.0000001192093, 0, 0, -1.5258788721439e-07, 0, 1, },
	},
}
end
