function data()
return {
	times = { 0, 41.667, 83.333, 125, 166.667, 208.333, 250, 291.667, 333.333, 375, 416.667, 458.333, 500, 541.667, 583.333, 625, 666.667, 708.333, 750, 791.667, 833.333, 875, 916.667, 958.333, 1000, 1041.667, 1083.333, 1125, 1166.667, 1208.333, 1250, 1291.667, 1333.333, 1375, 1416.667, 1458.333, 1500, 1541.667, 1583.333, 1625, 1666.667, 1708.333, 1750, 1791.667, 1833.333, 1875, 1916.667, 1958.333, 2000, 2041.667, 2083.333, 2125, 2166.667, 2208.333, 2250, 2291.667, 2333.333, 2375, 2416.667, 2458.333, 2500, 2541.667, 2583.333, 2625, 2666.667, 2708.333, 2750, 2791.667, 2833.333, 2875, 2916.667, 2958.333, 3000, 3041.667, 3083.333, 3125, 3166.667, 3208.333, 3250, 3291.667, 3333.333, 3375, 3416.667, 3458.333, 3500, 3541.667, 3583.333, 3625, 3666.667, 3708.333, 3750, 3791.667, 3833.333, 3875, 3916.667, 3958.333, 4000, 4041.667, 4083.333, 4125, 4166.667, },
	transfs = {
		{ 1, 0, -1.4104451787567e-19, 0, 0, 1, 0, 0, -1.4104451787567e-19, 6.9388939039072e-18, 1, 0, 0, 0, 0, 1, },
		{ 0.99999737739563, 1.5831778975902e-13, 0.0023037530481815, 0, -1.4743761767022e-13, 1, -4.9041534722072e-12, 0, -0.0023037530481815, 4.9038269105128e-12, 0.99999737739563, 0, -0.001809234614484, 0, 0.00011276244913461, 1, },
		{ 0.99997764825821, 4.9005244306954e-13, 0.0066803353838623, 0, -3.952393696615e-13, 1, -1.4221921383617e-11, 0, -0.0066803353838623, 1.4218972353708e-11, 0.99997764825821, 0, -0.0055653378367424, 0, 0.00034679411328398, 1, },
		{ 0.99994921684265, 7.7582379539795e-13, 0.010076735168695, 0, -5.59774449016e-13, 1, -2.1453719009634e-11, 0, -0.010076735168695, 2.1447009099229e-11, 0.99994921684265, 0, -0.0092329401522875, 0, 0.00057533261133358, 1, },
		{ 0.99992257356644, 9.8854258112624e-13, 0.012435611337423, 0, -6.5947247662734e-13, 1, -2.6476813796972e-11, 0, -0.012435611337423, 2.6466592806251e-11, 0.99992257356644, 0, -0.012666625902057, 0, 0.00078929896699265, 1, },
		{ 0.99989557266235, 1.1795009413618e-12, 0.014448533765972, 0, -7.3518968690678e-13, 1, -3.0763551428503e-11, 0, -0.014448533765972, 3.0749715274059e-11, 0.99989557266235, 0, -0.016193084418774, 0, 0.001009025494568, 1, },
		{ 0.99986129999161, 1.3988810110277e-12, 0.016655722633004, 0, -8.0846440653204e-13, 1, -3.5464256531448e-11, 0, -0.016655722633004, 3.5445903157072e-11, 0.99986129999161, 0, -0.020073089748621, 0, 0.0012508010258898, 1, },
		{ 0.99981957674026, 1.6422418980255e-12, 0.018992234021425, 0, -8.7441159998466e-13, 1, -4.0440758380944e-11, 0, -0.018992234021425, 4.0416864299786e-11, 0.99981957674026, 0, -0.024301147088408, 0, 0.0015142440097407, 1, },
		{ 0.99977433681488, 1.8878232310726e-12, 0.021241892129183, 0, -9.2748031477186e-13, 1, -4.5232581569188e-11, 0, -0.021241892129183, 4.5202709630932e-11, 0.99977433681488, 0, -0.028806151822209, 0, 0.0017949675675482, 1, },
		{ 0.99973112344742, 2.108757612973e-12, 0.02318855188787, 0, -9.6411767458449e-13, 1, -4.9379354771784e-11, 0, -0.02318855188787, 4.9343727021034e-11, 0.99973112344742, 0, -0.033516235649586, 0, 0.0020884703844786, 1, },
		{ 0.99969691038132, 2.2761790282461e-12, 0.024616124108434, 0, -9.8610009047206e-13, 1, -5.2420481150284e-11, 0, -0.024616124108434, 5.2380332710156e-11, 0.99969691038132, 0, -0.038359679281712, 0, 0.0023902510292828, 1, },
		{ 0.99967205524445, 2.3945290195115e-12, 0.02560618519783, 0, -9.9875663295279e-13, 1, -5.452964468855e-11, 0, -0.02560618519783, 5.4486207212712e-11, 0.99967205524445, 0, -0.043274991214275, 0, 0.0026965332217515, 1, },
		{ 0.999651491642, 2.4911182058135e-12, 0.026398926973343, 0, -1.0074163725449e-12, 1, -5.6218554117526e-11, 0, -0.026398926973343, 5.6172372309149e-11, 0.999651491642, 0, -0.048238828778267, 0, 0.0030058287084103, 1, },
		{ 0.9996349811554, 2.5670576775383e-12, 0.027016313746572, 0, -1.0134115768778e-12, 1, -5.7533866559822e-11, 0, -0.027016313746572, 5.74855163471e-11, 0.9996349811554, 0, -0.05323776230216, 0, 0.0033173370175064, 1, },
		{ 0.99962240457535, 2.6245672302139e-12, 0.027480244636536, 0, -1.0169642905566e-12, 1, -5.8522284240858e-11, 0, -0.027480244636536, 5.8472254815811e-11, 0.99962240457535, 0, -0.058258362114429, 0, 0.0036301803775132, 1, },
		{ 0.99961310625076, 2.6663113990993e-12, 0.027812670916319, 0, -1.0194067812108e-12, 1, -5.9230523263842e-11, 0, -0.027812670916319, 5.917925871568e-11, 0.99961310625076, 0, -0.063287355005741, 0, 0.0039435578510165, 1, },
		{ 0.99960684776306, 2.6942892361603e-12, 0.028035521507263, 0, -1.0211831380502e-12, 1, -5.9705296262536e-11, 0, -0.028035521507263, 5.9653240680468e-11, 0.99960684776306, 0, -0.068311311304569, 0, 0.0042565916664898, 1, },
		{ 0.99960398674011, 2.7073898678509e-12, 0.028137801215053, 0, -1.021849271865e-12, 1, -5.9923233042269e-11, 0, -0.028137801215053, 5.9870788882144e-11, 0.99960398674011, 0, -0.073316343128681, 0, 0.0045684813521802, 1, },
		{ 0.99960118532181, 2.7200464103316e-12, 0.028240095824003, 0, -1.0222932526546e-12, 1, -6.0141162883109e-11, 0, -0.028240095824003, 6.0088309328243e-11, 0.99960118532181, 0, -0.078289337456226, 0, 0.0048783109523356, 1, },
		{ 0.99960070848465, 2.722044811776e-12, 0.028254693374038, 0, -1.0222932526546e-12, 1, -6.0172283822268e-11, 0, -0.028254693374038, 6.0119381695145e-11, 0.99960070848465, 0, -0.083216704428196, 0, 0.0051853558979928, 1, },
		{ 0.99960035085678, 2.7235991240104e-12, 0.028269313275814, 0, -1.0225154056798e-12, 1, -6.0203425578109e-11, 0, -0.028269313275814, 6.0150481817622e-11, 0.99960035085678, 0, -0.088085174560547, 0, 0.0054887388832867, 1, },
		{ 0.99960750341415, 2.6918467455062e-12, 0.028014924377203, 0, -1.0209610934453e-12, 1, -5.9661428575275e-11, 0, -0.028014924377203, 5.9609442382147e-11, 0.99960750341415, 0, -0.092880859971046, 0, 0.0057875439524651, 1, },
		{ 0.99962782859802, 2.5999202790672e-12, 0.027281004935503, 0, -1.0154099783222e-12, 1, -5.8097786997946e-11, 0, -0.027281004935503, 5.8048482687312e-11, 0.99962782859802, 0, -0.097588501870632, 0, 0.0060808942653239, 1, },
		{ 0.99965900182724, 2.4560353750758e-12, 0.026111505925655, 0, -1.0045297926808e-12, 1, -5.5606196730507e-11, 0, -0.026111505925655, 5.5561024531192e-11, 0.99965900182724, 0, -0.10219314694405, 0, 0.0063677974976599, 1, },
		{ 0.99969857931137, 2.2681856393092e-12, 0.024550335481763, 0, -9.8521191205236e-13, 1, -5.2280315493425e-11, 0, -0.024550335481763, 5.2240389097902e-11, 0.99969857931137, 0, -0.10667876899242, 0, 0.0066473386250436, 1, },
		{ 0.99974370002747, 2.0459189897792e-12, 0.022641349583864, 0, -9.5456975657271e-13, 1, -4.8213672637631e-11, 0, -0.022641349583864, 4.8179717160313e-11, 0.99974370002747, 0, -0.11103042215109, 0, 0.0069184876047075, 1, },
		{ 0.999791264534, 1.7976731214731e-12, 0.020428515970707, 0, -9.0949470177293e-13, 1, -4.3500036905897e-11, 0, -0.020428515970707, 4.3472406230372e-11, 0.999791264534, 0, -0.11523208022118, 0, 0.0071802898310125, 1, },
		{ 0.99983876943588, 1.5329959524024e-12, 0.017955746501684, 0, -8.4665602436904e-13, 1, -3.8233100713159e-11, 0, -0.017955746501684, 3.8211760144957e-11, 0.99983876943588, 0, -0.11926864087582, 0, 0.0074317930266261, 1, },
		{ 0.99988335371017, 1.2596590437397e-12, 0.015266961418092, 0, -7.6361139633718e-13, 1, -3.2506525249332e-11, 0, -0.015266961418092, 3.2491100088183e-11, 0.99988335371017, 0, -0.12312484532595, 0, 0.0076721189543605, 1, },
		{ 0.99992305040359, 9.8587804586714e-13, 0.012406109832227, 0, -6.5836225360272e-13, 1, -2.6414016807141e-11, 0, -0.012406109832227, 2.640383051089e-11, 0.99992305040359, 0, -0.12678481638432, 0, 0.0079001616686583, 1, },
		{ 0.99995565414429, 7.1831424272237e-13, 0.009417150169611, 0, -5.295763827462e-13, 1, -2.0049246984843e-11, 0, -0.009417150169611, 2.0043376680601e-11, 0.99995565414429, 0, -0.13023330271244, 0, 0.0081150438636541, 1, },
		{ 0.99997985363007, 4.6274095666377e-13, 0.0063374564051628, 0, -3.7725378376763e-13, 1, -1.3491867345561e-11, 0, -0.0063374564051628, 1.348923663741e-11, 0.99997985363007, 0, -0.13345412909985, 0, 0.008315734565258, 1, },
		{ 0.99999493360519, 2.2137845755773e-13, 0.0031778551638126, 0, -2.0006218903745e-13, 1, -6.765026039357e-12, 0, -0.0031778551638126, 6.764380722224e-12, 0.99999493360519, 0, -0.13642653822899, 0, 0.0085009383037686, 1, },
		{ 1, -3.7747582837255e-15, -5.7455152273178e-05, 0, 3.5527136788005e-15, 1, 1.2231186929165e-13, 0, 5.7455152273178e-05, -1.2229800505636e-13, 1, 0, -0.13898375630379, 0, 0.0086602782830596, 1, },
		{ 0.9999942779541, -2.1072033007385e-13, -0.003364197909832, 0, 2.3492319201068e-13, 1, 7.1610144029843e-12, 0, 0.003364197909832, -7.1617360479503e-12, 0.9999942779541, 0, -0.14154113829136, 0, 0.0088196564465761, 1, },
		{ 0.9999772310257, -3.9812597663058e-13, -0.0067381411790848, 0, 4.9471537977297e-13, 1, 1.4342013687774e-11, 0, 0.0067381411790848, -1.4344997412152e-11, 0.9999772310257, 0, -0.14347350597382, 0, 0.0089400475844741, 1, },
		{ 0.99994820356369, -5.6399329650958e-13, -0.010175090283155, 0, 7.8426154459521e-13, 1, 2.165631562967e-11, 0, 0.010175090283155, -2.1663155644336e-11, 0.99994820356369, 0, -0.14540587365627, 0, 0.0090604396536946, 1, },
		{ 0.99990648031235, -7.0676797747637e-13, -0.013670776039362, 0, 1.1044498648971e-12, 1, 2.9094835915511e-11, 0, 0.013670776039362, -2.9107188881383e-11, 0.99990648031235, 0, -0.14643263816833, 0, 0.0091244503855705, 1, },
		{ 0.9998517036438, -8.2533974229623e-13, -0.017220942303538, 0, 1.4566126083082e-12, 1, 3.6648441226195e-11, 0, 0.017220942303538, -3.6668071357049e-11, 0.9998517036438, 0, -0.14745956659317, 0, 0.0091884229332209, 1, },
		{ 0.99978315830231, -9.18154441365e-13, -0.020821362733841, 0, 1.8409718194334e-12, 1, 4.4308126612158e-11, 0, 0.020821362733841, -4.4336832816239e-11, 0.99978315830231, 0, -0.14848616719246, 0, 0.0092523954808712, 1, },
		{ 0.99970054626465, -9.8387964442281e-13, -0.024467777460814, 0, 2.2584156766925e-12, 1, 5.2064796918216e-11, 0, 0.024467777460814, -5.2104435349642e-11, 0.99970054626465, 0, -0.14799651503563, 0, 0.0092218779027462, 1, },
		{ 0.99960362911224, -1.0216272272601e-12, -0.028154198080301, 0, 2.7091660078499e-12, 1, 5.9905663762905e-11, 0, 0.028154198080301, -5.9958149556394e-11, 0.99960362911224, 0, -0.1475068628788, 0, 0.0091913603246212, 1, },
		{ 0.99949210882187, -1.0302869668521e-12, -0.031867839396, 0, 3.1925573296121e-12, 1, 6.7803512804332e-11, 0, 0.031867839396, -6.787078538073e-11, 0.99949210882187, 0, -0.14701706171036, 0, 0.0091608427464962, 1, },
		{ 0.99936628341675, -1.0096367101739e-12, -0.035594154149294, 0, 3.7072567238283e-12, 1, 7.5727382697899e-11, 0, 0.035594154149294, -7.5811329436348e-11, 0.99936628341675, 0, -0.14652724564075, 0, 0.0091303251683712, 1, },
		{ 0.99922668933868, -9.5901064867121e-13, -0.03931862860918, 0, 4.2512660058946e-12, 1, 8.3646436999096e-11, 0, 0.03931862860918, -8.3748868950906e-11, 0.99922668933868, 0, -0.14603759348392, 0, 0.0090998075902462, 1, },
		{ 0.99907386302948, -8.7951868010805e-13, -0.043026760220528, 0, 4.8221426851569e-12, 1, 9.1529825385628e-11, 0, 0.043026760220528, -9.1652498090955e-11, 0.99907386302948, 0, -0.14554779231548, 0, 0.0090692900121212, 1, },
		{ 0.99890875816345, -7.7160500211448e-13, -0.046704035252333, 0, 5.4174442709609e-12, 1, 9.9346690596303e-11, 0, 0.046704035252333, -9.9491269389684e-11, 0.99890875816345, 0, -0.14505814015865, 0, 0.0090387724339962, 1, },
		{ 0.99873226881027, -6.3660188232006e-13, -0.050335969775915, 0, 6.033396005023e-12, 1, 1.0706630720891e-10, 0, 0.050335969775915, -1.0723426313586e-10, 0.99873226881027, 0, -0.14456832408905, 0, 0.0090082548558712, 1, },
		{ 0.99854588508606, -4.7672976677404e-13, -0.053908094763756, 0, 6.6671108737981e-12, 1, 1.1465795674015e-10, 0, 0.053908094763756, -1.148506081905e-10, 0.99854588508606, 0, -0.14293929934502, 0, 0.0089067835360765, 1, },
		{ 0.99835079908371, -2.9309887850104e-13, -0.057405926287174, 0, 7.3139272416256e-12, 1, 1.2209087907333e-10, 0, 0.057405926287174, -1.2230938484237e-10, 0.99835079908371, 0, -0.14131011068821, 0, 0.0088052367791533, 1, },
		{ 0.9981489777565, -8.9261931179863e-14, -0.060815043747425, 0, 7.9696249599692e-12, 1, 1.2933450144192e-10, 0, 0.060815043747425, -1.2957973583028e-10, 0.9981489777565, 0, -0.13907104730606, 0, 0.0086657330393791, 1, },
		{ 0.99794220924377, 1.3189449532547e-13, -0.064119540154934, 0, 8.6288753919916e-12, 1, 1.3635508000487e-10, 0, 0.064119540154934, -1.3662773690193e-10, 0.99794220924377, 0, -0.13683211803436, 0, 0.0085262292996049, 1, },
		{ 0.99773287773132, 3.6681768733615e-13, -0.067297741770744, 0, 9.2850171995451e-12, 1, 1.4310667928452e-10, 0, 0.067297741770744, -1.4340703624605e-10, 0.99773287773132, 0, -0.13412429392338, 0, 0.0083575053140521, 1, },
		{ 0.99752396345139, 6.1084470814876e-13, -0.070326521992683, 0, 9.9302788214573e-12, 1, 1.4954021354541e-10, 0, 0.070326521992683, -1.4986828444918e-10, 0.99752396345139, 0, -0.13112655282021, 0, 0.0081706997007132, 1, },
		{ 0.99731850624084, 8.5886853185002e-13, -0.073182806372643, 0, 1.0556666651951e-11, 1, 1.5560679134108e-10, 0, 0.073182806372643, -1.5596206270896e-10, 0.99731850624084, 0, -0.12785796821117, 0, 0.0079670334234834, 1, },
		{ 0.99711966514587, 1.1057821325267e-12, -0.075843520462513, 0, 1.1156187085248e-11, 1, 1.6125743795836e-10, 0, 0.075843520462513, -1.6163907712308e-10, 0.99711966514587, 0, -0.12433685362339, 0, 0.0077476119622588, 1, },
		{ 0.99693089723587, 1.3460343950555e-12, -0.078285589814186, 0, 1.1719958337153e-11, 1, 1.6644340072869e-10, 0, 0.078285589814186, -1.6685003378925e-10, 0.99693089723587, 0, -0.12058242410421, 0, 0.0075136562809348, 1, },
		{ 0.99675571918488, 1.5731860258938e-12, -0.080486014485359, 0, 1.2238876578863e-11, 1, 1.7111582983897e-10, 0, 0.080486014485359, -1.7154569431632e-10, 0.99675571918488, 0, -0.11661315709352, 0, 0.0072663496248424, 1, },
		{ 0.99659758806229, 1.7816859099185e-12, -0.082421734929085, 0, 1.2703837981576e-11, 1, 1.7522590323171e-10, 0, 0.082421734929085, -1.7567675092423e-10, 0.99659758806229, 0, -0.11244765669107, 0, 0.0070067974738777, 1, },
		{ 0.99645984172821, 1.9655388427964e-12, -0.08406975120306, 0, 1.31061828057e-11, 1, 1.787249098717e-10, 0, 0.08406975120306, -1.7919400685518e-10, 0.99645984172821, 0, -0.10810485482216, 0, 0.0067361830733716, 1, },
		{ 0.99634611606598, 2.1189716647996e-12, -0.08540703356266, 0, 1.3436807222433e-11, 1, 1.8156408321257e-10, 0, 0.08540703356266, -1.8204820984025e-10, 0.99634611606598, 0, -0.10360351204872, 0, 0.0064556882716715, 1, },
		{ 0.99625468254089, 2.2435386881625e-12, -0.08646772056818, 0, 1.3701927613352e-11, 1, 1.8381589306227e-10, 0, 0.08646772056818, -1.8431216275427e-10, 0.99625468254089, 0, -0.09896270185709, 0, 0.0061665344983339, 1, },
		{ 0.99618053436279, 2.3450130726133e-12, -0.087316982448101, 0, 1.3915535390652e-11, 1, 1.8561883974311e-10, 0, 0.087316982448101, -1.8612489327552e-10, 0.99618053436279, 0, -0.094202116131783, 0, 0.005869903601706, 1, },
		{ 0.99612241983414, 2.4249491303863e-12, -0.087978348135948, 0, 1.4083622289218e-11, 1, 1.8702281390226e-10, 0, 0.087978348135948, -1.8753659736248e-10, 0.99612241983414, 0, -0.089342802762985, 0, 0.0055670929141343, 1, },
		{ 0.99607825279236, 2.4857893521357e-12, -0.088475309312344, 0, 1.4210187714025e-11, 1, 1.8807780333141e-10, 0, 0.088475309312344, -1.885974293403e-10, 0.99607825279236, 0, -0.084404908120632, 0, 0.0052593993023038, 1, },
		{ 0.99604660272598, 2.529532139306e-12, -0.088831409811974, 0, 1.4301226869406e-11, 1, 1.8883371255551e-10, 0, 0.088831409811974, -1.8935752965632e-10, 0.99604660272598, 0, -0.079408869147301, 0, 0.004948120098561, 1, },
		{ 0.99602526426315, 2.5592858995255e-12, -0.089070081710815, 0, 1.4362289135761e-11, 1, 1.8934037671059e-10, 0, 0.089070081710815, -1.8986702488011e-10, 0.99602526426315, 0, -0.074375301599503, 0, 0.0046344376169145, 1, },
		{ 0.99601233005524, 2.5772717293648e-12, -0.089214861392975, 0, 1.4399370584783e-11, 1, 1.8964772807717e-10, 0, 0.089214861392975, -1.9017608321459e-10, 0.99601233005524, 0, -0.069324336946011, 0, 0.0043196869082749, 1, },
		{ 0.99600571393967, 2.5863755581668e-12, -0.089289218187332, 0, 1.4418465553445e-11, 1, 1.8980554628012e-10, 0, 0.089289218187332, -1.9033478959596e-10, 0.99600571393967, 0, -0.064276576042175, 0, 0.0040051648393273, 1, },
		{ 0.99600434303284, 2.5883739596111e-12, -0.089304864406586, 0, 1.4422684400939e-11, 1, 1.8983874194856e-10, 0, 0.089304864406586, -1.9036817955342e-10, 0.99600434303284, 0, -0.059252623468637, 0, 0.003692131023854, 1, },
		{ 0.99600291252136, 2.5903723610554e-12, -0.08932051807642, 0, 1.4426681203827e-11, 1, 1.8987196537257e-10, 0, 0.08932051807642, -1.9040159726647e-10, 0.99600291252136, 0, -0.05427261069417, 0, 0.003381805261597, 1, },
		{ 0.99602544307709, 2.559064071761e-12, -0.089069485664368, 0, 1.4362289135761e-11, 1, 1.8933908607632e-10, 0, 0.089069485664368, -1.8986572036805e-10, 0.99602544307709, 0, -0.049356076866388, 0, 0.0030754851177335, 1, },
		{ 0.99608999490738, 2.4695800959762e-12, -0.088344052433968, 0, 1.4176437801439e-11, 1, 1.8779915123002e-10, 0, 0.088344052433968, -1.8831722292667e-10, 0.99608999490738, 0, -0.044517211616039, 0, 0.002773933345452, 1, },
		{ 0.99619209766388, 2.3290258610587e-12, -0.087185643613338, 0, 1.3882671921761e-11, 1, 1.8534000723047e-10, 0, 0.087185643613338, -1.8584454808401e-10, 0.99619209766388, 0, -0.039769437164068, 0, 0.0024781036190689, 1, },
		{ 0.99632656574249, 2.1456170173906e-12, -0.085635654628277, 0, 1.3493650641294e-11, 1, 1.8204947271894e-10, 0, 0.085635654628277, -1.8253620837072e-10, 0.99632656574249, 0, -0.035125732421875, 0, 0.0021887586917728, 1, },
		{ 0.99648803472519, 1.9277912599591e-12, -0.083735503256321, 0, 1.3024026301878e-11, 1, 1.7801526919214e-10, 0, 0.083735503256321, -1.7848061917292e-10, 0.99648803472519, 0, -0.030599823221564, 0, 0.0019067382672802, 1, },
		{ 0.99667114019394, 1.6842083283564e-12, -0.081526547670364, 0, 1.2487787713622e-11, 1, 1.7332520141355e-10, 0, 0.081526547670364, -1.7376627914345e-10, 0.99667114019394, 0, -0.026204222813249, 0, 0.0016328429337591, 1, },
		{ 0.99687063694, 1.4237498983591e-12, -0.079050183296204, 0, 1.1899148333328e-11, 1, 1.6806697700211e-10, 0, 0.079050183296204, -1.6848161754623e-10, 0.99687063694, 0, -0.021952971816063, 0, 0.0013679504627362, 1, },
		{ 0.99708122014999, 1.1544099010052e-12, -0.076347842812538, 0, 1.1271872324414e-11, 1, 1.6232845623243e-10, 0, 0.076347842812538, -1.6271520242306e-10, 0.99708122014999, 0, -0.017858734354377, 0, 0.0011128234909847, 1, },
		{ 0.99729812145233, 8.8418161681147e-13, -0.073460981249809, 0, 1.0618617096725e-11, 1, 1.5619755489027e-10, 0, 0.073460981249809, -1.5655554630456e-10, 0.99729812145233, 0, -0.013934783637524, 0, 0.00086830137297511, 1, },
		{ 0.99751663208008, 6.1950444774084e-13, -0.070431068539619, 0, 9.9527053265547e-12, 1, 1.4976224427254e-10, 0, 0.070431068539619, -1.5009130049926e-10, 0.99751663208008, 0, -0.010194549337029, 0, 0.00063526153098792, 1, },
		{ 0.9977331161499, 3.6659564273123e-13, -0.067294627428055, 0, 9.2843510657303e-12, 1, 1.4310004570195e-10, 0, 0.067294627428055, -1.4340040266347e-10, 0.9977331161499, 0, -0.0066545102745295, 0, 0.00041465758113191, 1, },
		{ 0.99794548749924, 1.2834178164667e-13, -0.064068086445332, 0, 8.6182172509552e-12, 1, 1.3624579242588e-10, 0, 0.064068086445332, -1.3651799135594e-10, 0.99794548749924, 0, -0.0033451842609793, 0, 0.00020843505626544, 1, },
		{ 0.99815225601196, -9.28146380824e-14, -0.060762919485569, 0, 7.9594109081427e-12, 1, 1.2922375669522e-10, 0, 0.060762919485569, -1.2946857474994e-10, 0.99815225601196, 0, -0.00029968260787427, 0, 1.869201696536e-05, 1, },
		{ 0.99835181236267, -2.9420910152567e-13, -0.057390559464693, 0, 7.3110397943998e-12, 1, 1.2205822463862e-10, 0, 0.057390559464693, -1.2227660550757e-10, 0.99835181236267, 0, 0.0022830199450254, 0, -0.00014225006452762, 1, },
		{ 0.99854290485382, -4.7384318691002e-13, -0.053962487727404, 0, 6.6768808364148e-12, 1, 1.147735448348e-10, 0, 0.053962487727404, -1.1496658486321e-10, 0.99854290485382, 0, 0.0048657227307558, 0, -0.00030319212237373, 1, },
		{ 0.99872452020645, -6.3038463338216e-13, -0.050490185618401, 0, 6.0602634022189e-12, 1, 1.0739407280136e-10, 0, 0.050490185618401, -1.075630556846e-10, 0.99872452020645, 0, 0.0067198178730905, 0, -0.00041870115092024, 1, },
		{ 0.9988956451416, -7.6227907449752e-13, -0.046985138207674, 0, 5.4640736379952e-12, 1, 9.994421956705e-11, 0, 0.046985138207674, -1.0009053308391e-10, 0.9988956451416, 0, 0.0085739130154252, 0, -0.00053424836369231, 1, },
		{ 0.99905514717102, -8.684164498618e-13, -0.043458867818117, 0, 4.8903103788689e-12, 1, 9.2448410038415e-11, 0, 0.043458867818117, -9.2573559928866e-11, 0.99905514717102, 0, 0.0082296747714281, 0, -0.00051277159946039, 1, },
		{ 0.99920278787613, -9.4835250763481e-13, -0.039922878146172, 0, 4.342082249309e-12, 1, 8.4931103816466e-11, 0, 0.039922878146172, -8.5036720720577e-11, 0.99920278787613, 0, 0.0078851319849491, 0, -0.00049133301945403, 1, },
		{ 0.9993377327919, -1.0014211682119e-12, -0.03638868778944, 0, 3.8209435615499e-12, 1, 7.7416809074471e-11, 0, 0.03638868778944, -7.7504544448992e-11, 0.9993377327919, 0, 0.0075405882671475, 0, -0.00046985625522211, 1, },
		{ 0.99946027994156, -1.0278443677778e-12, -0.032851066440344, 0, 3.3255620479622e-12, 1, 6.9894395826609e-11, 0, 0.032851066440344, -6.99658872505e-11, 0.99946027994156, 0, 0.0071963500231504, 0, -0.00044837952009402, 1, },
		{ 0.99957251548767, -1.0274003869881e-12, -0.029237795621157, 0, 2.8472779689537e-12, 1, 6.2210250839634e-11, 0, 0.029237795621157, -6.226687221389e-11, 0.99957251548767, 0, 0.0068519590422511, 0, -0.00042694091098383, 1, },
		{ 0.99967586994171, -9.9698027611339e-13, -0.025459848344326, 0, 2.3767654511175e-12, 1, 5.4174970065546e-11, 0, 0.025459848344326, -5.4217894063235e-11, 0.99967586994171, 0, 0.0065075680613518, 0, -0.00040550230187364, 1, },
		{ 0.99977040290833, -9.3103302845066e-13, -0.021428145468235, 0, 1.9084733793306e-12, 1, 4.559894822842e-11, 0, 0.021428145468235, -4.5629347522613e-11, 0.99977040290833, 0, 0.0061630248092115, 0, -0.00038402556674555, 1, },
		{ 0.9998545050621, -8.2045481519799e-13, -0.01705364137888, 0, 1.4392931291241e-12, 1, 3.62925037245e-11, 0, 0.01705364137888, -3.6311745277295e-11, 0.9998545050621, 0, 0.0058186338283122, 0, -0.00036254883161746, 1, },
		{ 0.9999235868454, -6.5591976294854e-13, -0.012351896613836, 0, 9.8077101995386e-13, 1, 2.6288476603908e-11, 0, 0.012351896613836, -2.6298560551474e-11, 0.9999235868454, 0, 0.0054743955843151, 0, -0.00034111022250727, 1, },
		{ 0.99996989965439, -4.4986236957811e-13, -0.0077570416033268, 0, 5.7776000780482e-13, 1, 1.6510444053597e-11, 0, 0.0077570416033268, -1.6514414835633e-11, 0.99996989965439, 0, 0.0051298523321748, 0, -0.00031963348737918, 1, },
		{ 0.99999272823334, -2.3692159345501e-13, -0.0038078909274191, 0, 2.6756374893466e-13, 1, 8.1053913580931e-12, 0, 0.0038078909274191, -8.106335047664e-12, 0.99999272823334, 0, 0.0028927612584084, 0, -0.00018024444580078, 1, },
		{ 0.99999940395355, -6.794564910706e-14, -0.0010433085262775, 0, 7.016609515631e-14, 1, 2.2208693217785e-12, 0, 0.0010433085262775, -2.2209248329297e-12, 0.99999940395355, 0, 0.00065582274692133, 0, -4.0855407860363e-05, 1, },
		{ 1, 0, -2.0526349544525e-06, 0, 0, 1, 4.3715031594616e-15, 0, 2.0526349544525e-06, -4.3576253716537e-15, 1, 0, -0.00014572143845726, 0, 9.0789790192503e-06, 1, },
	},
}
end
