function data()
return {
	times = { 0, 41.667, 83.333, 125, 166.667, 208.333, 250, 291.667, 333.333, 375, 416.667, 458.333, 500, 541.667, 583.333, 625, 666.667, 708.333, 750, 791.667, 833.333, 875, 916.667, 958.333, 1000, 1041.667, 1083.333, 1125, 1166.667, 1208.333, 1250, 1291.667, 1333.333, 1375, 1416.667, 1458.333, 1500, 1541.667, 1583.333, 1625, 1666.667, 1708.333, 1750, 1791.667, 1833.333, 1875, 1916.667, 1958.333, 2000, 2041.667, 2083.333, 2125, 2166.667, 2208.333, 2250, 2291.667, 2333.333, 2375, 2416.667, 2458.333, 2500, 2541.667, 2583.333, 2625, 2666.667, 2708.333, 2750, 2791.667, 2833.333, 2875, 2916.667, 2958.333, 3000, 3041.667, 3083.333, 3125, 3166.667, 3208.333, 3250, 3291.667, 3333.333, 3375, 3416.667, 3458.333, 3500, 3541.667, 3583.333, 3625, 3666.667, 3708.333, 3750, 3791.667, 3833.333, 3875, 3916.667, 3958.333, 4000, 4041.667, 4083.333, 4125, 4166.667, },
	transfs = {
		{ 1, 0, 0, 0, 0, 1, 0, 0, 0, 0, 1, 0, 0, 0, 0, 1, },
		{ 0.99999940395355, 0, 0.001118419226259, 0, 0, 1, 0, 0, -0.001118419226259, 0, 0.99999940395355, 0, -0.00040039062150754, 0, 0, 1, },
		{ 0.99999159574509, 0, 0.0040809251368046, 0, 0, 1, 0, 0, -0.0040809251368046, 0, 0.99999159574509, 0, -0.00080078124301508, 0, 0, 1, },
		{ 0.99996554851532, 0, 0.0082983383908868, 0, 0, 1, 0, 0, -0.0082983383908868, 0, 0.99996554851532, 0, -0.0012011718936265, 0, 0, 1, },
		{ 0.99991309642792, 0, 0.013181417249143, 0, 0, 1, 0, 0, -0.013181417249143, 0, 0.99991309642792, 0, -0.0016015624860302, 0, 0, 1, },
		{ 0.99983543157578, 0, 0.018140925094485, 0, 0, 1, 0, 0, -0.018140925094485, 0, 0.99983543157578, 0, -0.0020019530784339, 0, 0, 1, },
		{ 0.99974220991135, 0, 0.022706039249897, 0, 0, 1, 0, 0, -0.022706039249897, 0, 0.99974220991135, 0, -0.0024023437872529, 0, 0, 1, },
		{ 0.99963861703873, 0, 0.026879264041781, 0, 0, 1, 0, 0, -0.026879264041781, 0, 0.99963861703873, 0, -0.0028027342632413, 0, 0, 1, },
		{ 0.99952614307404, 0, 0.030781345441937, 0, 0, 1, 0, 0, -0.030781345441937, 0, 0.99952614307404, 0, -0.0032031249720603, 0, 0, 1, },
		{ 0.99940353631973, 0, 0.034533075988293, 0, 0, 1, 0, 0, -0.034533075988293, 0, 0.99940353631973, 0, -0.0036035154480487, 0, 0, 1, },
		{ 0.99926793575287, 0, 0.038255110383034, 0, 0, 1, 0, 0, -0.038255110383034, 0, 0.99926793575287, 0, -0.0040039061568677, 0, 0, 1, },
		{ 0.99911588430405, 0, 0.042041502892971, 0, 0, 1, 0, 0, -0.042041502892971, 0, 0.99911588430405, 0, -0.0062947082333267, 0, 0, 1, },
		{ 0.99894690513611, 0, 0.045879822224379, 0, 0, 1, 0, 0, -0.045879822224379, 0, 0.99894690513611, 0, -0.0085853571072221, 0, 0, 1, },
		{ 0.99876260757446, 0, 0.049730990082026, 0, 0, 1, 0, 0, -0.049730990082026, 0, 0.99876260757446, 0, -0.011257476173341, 0, 0, 1, },
		{ 0.9985648393631, 0, 0.053555976599455, 0, 0, 1, 0, 0, -0.053555976599455, 0, 0.9985648393631, 0, -0.01425567548722, 0, 0, 1, },
		{ 0.99835610389709, 0, 0.057315792888403, 0, 0, 1, 0, 0, -0.057315792888403, 0, 0.99835610389709, 0, -0.017633667215705, 0, 0, 1, },
		{ 0.99813920259476, 0, 0.060975562781096, 0, 0, 1, 0, 0, -0.060975562781096, 0, 0.99813920259476, 0, -0.021421203389764, 0, 0, 1, },
		{ 0.99791657924652, 0, 0.064516551792622, 0, 0, 1, 0, 0, -0.064516551792622, 0, 0.99791657924652, 0, -0.025551909580827, 0, 0, 1, },
		{ 0.99769049882889, 0, 0.067924149334431, 0, 0, 1, 0, 0, -0.067924149334431, 0, 0.99769049882889, 0, -0.029934844002128, 0, 0, 1, },
		{ 0.99746322631836, 0, 0.071183748543262, 0, 0, 1, 0, 0, -0.071183748543262, 0, 0.99746322631836, 0, -0.034479215741158, 0, 0, 1, },
		{ 0.99723738431931, 0, 0.07428078353405, 0, 0, 1, 0, 0, -0.07428078353405, 0, 0.99723738431931, 0, -0.039094693958759, 0, 0, 1, },
		{ 0.99701547622681, 0, 0.077201880514622, 0, 0, 1, 0, 0, -0.077201880514622, 0, 0.99701547622681, 0, -0.04371490329504, 0, 0, 1, },
		{ 0.99679976701736, 0, 0.079938568174839, 0, 0, 1, 0, 0, -0.079938568174839, 0, 0.99679976701736, 0, -0.048372495919466, 0, 0, 1, },
		{ 0.99659234285355, 0, 0.08248358219862, 0, 0, 1, 0, 0, -0.08248358219862, 0, 0.99659234285355, 0, -0.053124539554119, 0, 0, 1, },
		{ 0.99639546871185, 0, 0.084829665720463, 0, 0, 1, 0, 0, -0.084829665720463, 0, 0.99639546871185, 0, -0.058027647435665, 0, 0, 1, },
		{ 0.99621099233627, 0, 0.086969628930092, 0, 0, 1, 0, 0, -0.086969628930092, 0, 0.99621099233627, 0, -0.063139341771603, 0, 0, 1, },
		{ 0.99604099988937, 0, 0.088895127177238, 0, 0, 1, 0, 0, -0.088895127177238, 0, 0.99604099988937, 0, -0.068492278456688, 0, 0, 1, },
		{ 0.99588793516159, 0, 0.090593725442886, 0, 0, 1, 0, 0, -0.090593725442886, 0, 0.99588793516159, 0, -0.074023127555847, 0, 0, 1, },
		{ 0.99575418233871, 0, 0.092051953077316, 0, 0, 1, 0, 0, -0.092051953077316, 0, 0.99575418233871, 0, -0.079643860459328, 0, 0, 1, },
		{ 0.99564212560654, 0, 0.093256242573261, 0, 0, 1, 0, 0, -0.093256242573261, 0, 0.99564212560654, 0, -0.085267029702663, 0, 0, 1, },
		{ 0.99555391073227, 0, 0.094193153083324, 0, 0, 1, 0, 0, -0.094193153083324, 0, 0.99555391073227, 0, -0.09080459177494, 0, 0, 1, },
		{ 0.99549061059952, 0, 0.09485948830843, 0, 0, 1, 0, 0, -0.09485948830843, 0, 0.99549061059952, 0, -0.09618728607893, 0, 0, 1, },
		{ 0.99544924497604, 0, 0.095293335616589, 0, 0, 1, 0, 0, -0.095293335616589, 0, 0.99544924497604, 0, -0.10141860693693, 0, 0, 1, },
		{ 0.9954252243042, 0, 0.095543280243874, 0, 0, 1, 0, 0, -0.095543280243874, 0, 0.9954252243042, 0, -0.1065202280879, 0, 0, 1, },
		{ 0.99541842937469, 0, 0.095614194869995, 0, 0, 1, 0, 0, -0.095614194869995, 0, 0.99541842937469, 0, -0.11151397228241, 0, 0, 1, },
		{ 0.99541163444519, 0, 0.095685102045536, 0, 0, 1, 0, 0, -0.095685102045536, 0, 0.99541163444519, 0, -0.11642135679722, 0, 0, 1, },
		{ 0.99543648958206, 0, 0.095425955951214, 0, 0, 1, 0, 0, -0.095425955951214, 0, 0.99543648958206, 0, -0.12125167250633, 0, 0, 1, },
		{ 0.99550586938858, 0, 0.094699762761593, 0, 0, 1, 0, 0, -0.094699762761593, 0, 0.99550586938858, 0, -0.12596343457699, 0, 0, 1, },
		{ 0.99561148881912, 0, 0.093583136796951, 0, 0, 1, 0, 0, -0.093583136796951, 0, 0.99561148881912, 0, -0.13050216436386, 0, 0, 1, },
		{ 0.99574488401413, 0, 0.092152759432793, 0, 0, 1, 0, 0, -0.092152759432793, 0, 0.99574488401413, 0, -0.13481384515762, 0, 0, 1, },
		{ 0.99589776992798, 0, 0.090485371649265, 0, 0, 1, 0, 0, -0.090485371649265, 0, 0.99589776992798, 0, -0.1388445943594, 0, 0, 1, },
		{ 0.99606335163116, 0, 0.088643670082092, 0, 0, 1, 0, 0, -0.088643670082092, 0, 0.99606335163116, 0, -0.14255325496197, 0, 0, 1, },
		{ 0.99624013900757, 0, 0.086634695529938, 0, 0, 1, 0, 0, -0.086634695529938, 0, 0.99624013900757, 0, -0.14595320820808, 0, 0, 1, },
		{ 0.99642759561539, 0, 0.084451504051685, 0, 0, 1, 0, 0, -0.084451504051685, 0, 0.99642759561539, 0, -0.14907073974609, 0, 0, 1, },
		{ 0.99662512540817, 0, 0.082087077200413, 0, 0, 1, 0, 0, -0.082087077200413, 0, 0.99662512540817, 0, -0.15193282067776, 0, 0, 1, },
		{ 0.99683207273483, 0, 0.079534478485584, 0, 0, 1, 0, 0, -0.079534478485584, 0, 0.99683207273483, 0, -0.1544581502676, 0, 0, 1, },
		{ 0.99704730510712, 0, 0.076789699494839, 0, 0, 1, 0, 0, -0.076789699494839, 0, 0.99704730510712, 0, -0.15698347985744, 0, 0, 1, },
		{ 0.99726849794388, 0, 0.073860518634319, 0, 0, 1, 0, 0, -0.073860518634319, 0, 0.99726849794388, 0, -0.15901656448841, 0, 0, 1, },
		{ 0.99749350547791, 0, 0.070757605135441, 0, 0, 1, 0, 0, -0.070757605135441, 0, 0.99749350547791, 0, -0.16104950010777, 0, 0, 1, },
		{ 0.99771982431412, 0, 0.067491792142391, 0, 0, 1, 0, 0, -0.067491792142391, 0, 0.99771982431412, 0, -0.16243270039558, 0, 0, 1, },
		{ 0.99794518947601, 0, 0.064073748886585, 0, 0, 1, 0, 0, -0.064073748886585, 0, 0.99794518947601, 0, -0.16381606459618, 0, 0, 1, },
		{ 0.9981672167778, 0, 0.06051592156291, 0, 0, 1, 0, 0, -0.06051592156291, 0, 0.9981672167778, 0, -0.16352325677872, 0, 0, 1, },
		{ 0.99838346242905, 0, 0.056837044656277, 0, 0, 1, 0, 0, -0.056837044656277, 0, 0.99838346242905, 0, -0.16323028504848, 0, 0, 1, },
		{ 0.99859142303467, 0, 0.053057633340359, 0, 0, 1, 0, 0, -0.053057633340359, 0, 0.99859142303467, 0, -0.16293746232986, 0, 0, 1, },
		{ 0.99878895282745, 0, 0.04919807985425, 0, 0, 1, 0, 0, -0.04919807985425, 0, 0.99878895282745, 0, -0.16264465451241, 0, 0, 1, },
		{ 0.99897438287735, 0, 0.045278880745173, 0, 0, 1, 0, 0, -0.045278880745173, 0, 0.99897438287735, 0, -0.16235168278217, 0, 0, 1, },
		{ 0.99914598464966, 0, 0.041319735348225, 0, 0, 1, 0, 0, -0.041319735348225, 0, 0.99914598464966, 0, -0.16205886006355, 0, 0, 1, },
		{ 0.99930268526077, 0, 0.037337239831686, 0, 0, 1, 0, 0, -0.037337239831686, 0, 0.99930268526077, 0, -0.16176605224609, 0, 0, 1, },
		{ 0.99944376945496, 0, 0.033347129821777, 0, 0, 1, 0, 0, -0.033347129821777, 0, 0.99944376945496, 0, -0.16147308051586, 0, 0, 1, },
		{ 0.99956876039505, 0, 0.0293652061373, 0, 0, 1, 0, 0, -0.0293652061373, 0, 0.99956876039505, 0, -0.16118025779724, 0, 0, 1, },
		{ 0.9996771812439, 0, 0.025407277047634, 0, 0, 1, 0, 0, -0.025407277047634, 0, 0.9996771812439, 0, -0.1590518206358, 0, 0, 1, },
		{ 0.99976909160614, 0, 0.02148830704391, 0, 0, 1, 0, 0, -0.02148830704391, 0, 0.99976909160614, 0, -0.15692336857319, 0, 0, 1, },
		{ 0.99984472990036, 0, 0.017619904130697, 0, 0, 1, 0, 0, -0.017619904130697, 0, 0.99984472990036, 0, -0.15447890758514, 0, 0, 1, },
		{ 0.99990451335907, 0, 0.013812866061926, 0, 0, 1, 0, 0, -0.013812866061926, 0, 0.99990451335907, 0, -0.1517965644598, 0, 0, 1, },
		{ 0.99994921684265, 0, 0.010077985934913, 0, 0, 1, 0, 0, -0.010077985934913, 0, 0.99994921684265, 0, -0.14885161817074, 0, 0, 1, },
		{ 0.99997937679291, 0, 0.0064260470680892, 0, 0, 1, 0, 0, -0.0064260470680892, 0, 0.99997937679291, 0, -0.14561873674393, 0, 0, 1, },
		{ 0.99999588727951, 0, 0.0028685010038316, 0, 0, 1, 0, 0, -0.0028685010038316, 0, 0.99999588727951, 0, -0.14208449423313, 0, 0, 1, },
		{ 0.99999976158142, 0, -0.00058045843616128, 0, 0, 1, 0, 0, 0.00058045843616128, 0, 0.99999976158142, 0, -0.1382821649313, 0, 0, 1, },
		{ 0.99999237060547, 0, -0.0039059715345502, 0, 0, 1, 0, 0, 0.0039059715345502, 0, 0.99999237060547, 0, -0.13425658643246, 0, 0, 1, },
		{ 0.9999748468399, 0, -0.0070931892842054, 0, 0, 1, 0, 0, 0.0070931892842054, 0, 0.9999748468399, 0, -0.13005279004574, 0, 0, 1, },
		{ 0.99994874000549, 0, -0.010127269662917, 0, 0, 1, 0, 0, 0.010127269662917, 0, 0.99994874000549, 0, -0.12571609020233, 0, 0, 1, },
		{ 0.999915599823, 0, -0.012993701733649, 0, 0, 1, 0, 0, 0.012993701733649, 0, 0.999915599823, 0, -0.12128158658743, 0, 0, 1, },
		{ 0.99987703561783, 0, -0.015679297968745, 0, 0, 1, 0, 0, 0.015679297968745, 0, 0.99987703561783, 0, -0.11674850434065, 0, 0, 1, },
		{ 0.99983483552933, 0, -0.01817119307816, 0, 0, 1, 0, 0, 0.01817119307816, 0, 0.99983483552933, 0, -0.11210586130619, 0, 0, 1, },
		{ 0.99979072809219, 0, -0.020456548780203, 0, 0, 1, 0, 0, 0.020456548780203, 0, 0.99979072809219, 0, -0.10734374821186, 0, 0, 1, },
		{ 0.99974626302719, 0, -0.02252252958715, 0, 0, 1, 0, 0, 0.02252252958715, 0, 0.99974626302719, 0, -0.10245101898909, 0, 0, 1, },
		{ 0.99970328807831, 0, -0.024357493966818, 0, 0, 1, 0, 0, 0.024357493966818, 0, 0.99970328807831, 0, -0.097425989806652, 0, 0, 1, },
		{ 0.99966311454773, 0, -0.025954630225897, 0, 0, 1, 0, 0, 0.025954630225897, 0, 0.99966311454773, 0, -0.092300415039062, 0, 0, 1, },
		{ 0.99962705373764, 0, -0.027308344841003, 0, 0, 1, 0, 0, 0.027308344841003, 0, 0.99962705373764, 0, -0.087114714086056, 0, 0, 1, },
		{ 0.99959623813629, 0, -0.028413036838174, 0, 0, 1, 0, 0, 0.028413036838174, 0, 0.99959623813629, 0, -0.081909485161304, 0, 0, 1, },
		{ 0.99957174062729, 0, -0.029263077303767, 0, 0, 1, 0, 0, 0.029263077303767, 0, 0.99957174062729, 0, -0.076725006103516, 0, 0, 1, },
		{ 0.99955403804779, 0, -0.029861554503441, 0, 0, 1, 0, 0, 0.029861554503441, 0, 0.99955403804779, 0, -0.071594692766666, 0, 0, 1, },
		{ 0.99954241514206, 0, -0.030246216803789, 0, 0, 1, 0, 0, 0.030246216803789, 0, 0.99954241514206, 0, -0.0665228292346, 0, 0, 1, },
		{ 0.99953579902649, 0, -0.030463505536318, 0, 0, 1, 0, 0, 0.030463505536318, 0, 0.99953579902649, 0, -0.06150695681572, 0, 0, 1, },
		{ 0.99953293800354, 0, -0.030559819191694, 0, 0, 1, 0, 0, 0.030559819191694, 0, 0.99953293800354, 0, -0.056544493883848, 0, 0, 1, },
		{ 0.99953228235245, 0, -0.030581606552005, 0, 0, 1, 0, 0, 0.030581606552005, 0, 0.99953228235245, 0, -0.051632687449455, 0, 0, 1, },
		{ 0.99954080581665, 0, -0.030299561098218, 0, 0, 1, 0, 0, 0.030299561098218, 0, 0.99954080581665, 0, -0.046777188777924, 0, 0, 1, },
		{ 0.9995636343956, 0, -0.029537929221988, 0, 0, 1, 0, 0, 0.029537929221988, 0, 0.9995636343956, 0, -0.042015381157398, 0, 0, 1, },
		{ 0.99959599971771, 0, -0.028423482552171, 0, 0, 1, 0, 0, 0.028423482552171, 0, 0.99959599971771, 0, -0.037393491715193, 0, 0, 1, },
		{ 0.99963313341141, 0, -0.027082994580269, 0, 0, 1, 0, 0, 0.027082994580269, 0, 0.99963313341141, 0, -0.032956846058369, 0, 0, 1, },
		{ 0.99967110157013, 0, -0.0256432518363, 0, 0, 1, 0, 0, 0.0256432518363, 0, 0.99967110157013, 0, -0.028751526027918, 0, 0, 1, },
		{ 0.99970752000809, 0, -0.024180926382542, 0, 0, 1, 0, 0, 0.024180926382542, 0, 0.99970752000809, 0, -0.024807585403323, 0, 0, 1, },
		{ 0.99974519014359, 0, -0.022572159767151, 0, 0, 1, 0, 0, 0.022572159767151, 0, 0.99974519014359, 0, -0.021092070266604, 0, 0, 1, },
		{ 0.99978691339493, 0, -0.020642934367061, 0, 0, 1, 0, 0, 0.020642934367061, 0, 0.99978691339493, 0, -0.017556915059686, 0, 0, 1, },
		{ 0.9998340010643, 0, -0.018219213932753, 0, 0, 1, 0, 0, 0.018219213932753, 0, 0.9998340010643, 0, -0.014153746888041, 0, 0, 1, },
		{ 0.99988549947739, 0, -0.01512691564858, 0, 0, 1, 0, 0, 0.01512691564858, 0, 0.99988549947739, 0, -0.010833892971277, 0, 0, 1, },
		{ 0.99993580579758, 0, -0.011323580518365, 0, 0, 1, 0, 0, 0.011323580518365, 0, 0.99993580579758, 0, -0.007598876953125, 0, 0, 1, },
		{ 0.99997341632843, 0, -0.0072933393530548, 0, 0, 1, 0, 0, 0.0072933393530548, 0, 0.99997341632843, 0, -0.0046485899947584, 0, 0, 1, },
		{ 0.99999326467514, 0, -0.0036520645953715, 0, 0, 1, 0, 0, 0.0036520645953715, 0, 0.99999326467514, 0, -0.0026242064777762, 0, 0, 1, },
		{ 0.99999940395355, 0, -0.0010156580246985, 0, 0, 1, 0, 0, 0.0010156580246985, 0, 0.99999940395355, 0, -0.00059982296079397, 0, 0, 1, },
		{ 1, 0, 0, 0, 0, 1, 0, 0, 0, 0, 1, 0, 0, 0, 0, 1, },
	},
}
end
