function data()
return {
	times = { 0, 41.667, 83.333, 125, 166.667, 208.333, 250, 291.667, 333.333, 375, 416.667, 458.333, 500, 541.667, 583.333, 625, 666.667, 708.333, 750, 791.667, 833.333, 875, 916.667, 958.333, 1000, 1041.667, 1083.333, 1125, 1166.667, 1208.333, 1250, 1291.667, 1333.333, 1375, 1416.667, 1458.333, 1500, 1541.667, 1583.333, 1625, 1666.667, 1708.333, 1750, 1791.667, 1833.333, 1875, 1916.667, 1958.333, 2000, 2041.667, 2083.333, 2125, 2166.667, 2208.333, 2250, 2291.667, 2333.333, 2375, 2416.667, 2458.333, 2500, 2541.667, 2583.333, 2625, 2666.667, 2708.333, 2750, 2791.667, 2833.333, 2875, 2916.667, 2958.333, 3000, 3041.667, 3083.333, 3125, 3166.667, 3208.333, 3250, 3291.667, 3333.333, 3375, 3416.667, 3458.333, 3500, 3541.667, 3583.333, 3625, 3666.667, 3708.333, 3750, 3791.667, 3833.333, 3875, 3916.667, 3958.333, 4000, 4041.667, 4083.333, 4125, 4166.667, },
	transfs = {
		{ 0.99999988079071, 0, -1.6502491034859e-19, 0, 2.2204460492503e-16, 1, 0, 0, -1.6502493619798e-19, 0, 0.99999988079071, 0, 0, 7.6293943607197e-08, 0, 1, },
		{ 0.99999958276749, -5.0848214527832e-14, -0.00070177018642426, 0, 5.2180478769251e-14, 1, 1.5740672654196e-12, 0, 0.00070177018642426, -1.5740950209953e-12, 0.99999958276749, 0, -0.0011836242629215, 7.6293943607197e-08, 7.7743527072016e-05, 1, },
		{ 0.99999660253525, -1.8141044222375e-13, -0.0025665163993835, 0, 1.960653861488e-13, 1, 5.7565063826814e-12, 0, 0.0025665163993835, -5.7569643496791e-12, 0.99999660253525, 0, -0.0023674010299146, 7.6293943607197e-08, 0.00015548705414403, 1, },
		{ 0.99998617172241, -3.5438318946035e-13, -0.0052333511412144, 0, 4.156674733146e-13, 1, 1.1737450421323e-11, 0, 0.0052333511412144, -1.1739449690129e-11, 0.99998617172241, 0, -0.0035510254092515, 7.6293943607197e-08, 0.00023315429280046, 1, },
		{ 0.99996513128281, -5.3557158707918e-13, -0.0083413645625114, 0, 6.9166894434147e-13, 1, 1.8707209392677e-11, 0, 0.0083413645625114, -1.8712302540802e-11, 0.99996513128281, 0, -0.0044471737928689, 7.6293943607197e-08, 0.00029205321334302, 1, },
		{ 0.99993348121643, -6.9921846090892e-13, -0.011529665440321, 0, 9.9720232071832e-13, 1, 2.585624596374e-11, 0, 0.011529665440321, -2.5866008987463e-11, 0.99993348121643, 0, -0.0053433226421475, 7.6293943607197e-08, 0.00035087583819404, 1, },
		{ 0.99989455938339, -8.3111295623439e-13, -0.014510590583086, 0, 1.3038458116996e-12, 1, 3.2539644589935e-11, 0, 0.014510590583086, -3.2555104445553e-11, 0.99989455938339, 0, -0.0062394714914262, 7.6293943607197e-08, 0.00040969846304506, 1, },
		{ 0.99985039234161, -9.3680618817871e-13, -0.017289301380515, 0, 1.6073808950523e-12, 1, 3.8769064347743e-11, 0, 0.017289301380515, -3.879103635529e-11, 0.99985039234161, 0, -0.0057717892341316, 7.6293943607197e-08, 0.00037902832264081, 1, },
		{ 0.99980103969574, -1.0211831380502e-12, -0.019944306463003, 0, 1.9138022330084e-12, 1, 4.4720595282488e-11, 0, 0.019944306463003, -4.4749849659187e-11, 0.99980103969574, 0, -0.0053039551712573, 7.6293943607197e-08, 0.00034828184288926, 1, },
		{ 0.99974542856216, -1.0886846979474e-12, -0.02255392074585, 0, 2.2297719226572e-12, 1, 5.0569916310028e-11, 0, 0.02255392074585, -5.060731694817e-11, 0.99974542856216, 0, -0.0048361206427217, 7.6293943607197e-08, 0.00031753539224155, 1, },
		{ 0.99968230724335, -1.1415313139196e-12, -0.025196600705385, 0, 2.5659474545137e-12, 1, 5.6492813899078e-11, 0, 0.025196600705385, -5.6539523063392e-11, 0.99968230724335, 0, -0.004368286114186, 7.6293943607197e-08, 0.00028686522273347, 1, },
		{ 0.99960964918137, -1.1797228775465e-12, -0.027933903038502, 0, 2.9303226511956e-12, 1, 6.2627271424365e-11, 0, 0.027933903038502, -6.2684663015844e-11, 0.99960964918137, 0, -0.003900604089722, 7.6293943607197e-08, 0.00025611877208576, 1, },
		{ 0.99952667951584, -1.2017054018543e-12, -0.030760191380978, 0, 3.3244518249376e-12, 1, 6.8960524790551e-11, 0, 0.030760191380978, -6.9030149651983e-11, 0.99952667951584, 0, -0.0034329222980887, 7.6293943607197e-08, 0.00022544860257767, 1, },
		{ 0.99943345785141, -1.2054800517178e-12, -0.033653054386377, 0, 3.7463365742951e-12, 1, 7.5442395386371e-11, 0, 0.033653054386377, -7.5525724563263e-11, 0.99943345785141, 0, -0.0029649352654815, 7.6293943607197e-08, 0.00019470213737804, 1, },
		{ 0.9993302822113, -1.1899370377932e-12, -0.036590069532394, 0, 4.1942005424289e-12, 1, 8.2022548475447e-11, 0, 0.036590069532394, -8.2121066891094e-11, 0.9993302822113, 0, -0.0024972534738481, 7.6293943607197e-08, 0.00016395568673033, 1, },
		{ 0.99921756982803, -1.1548539902151e-12, -0.039548806846142, 0, 4.6647130602651e-12, 1, 8.8650718710337e-11, 0, 0.039548806846142, -8.8765834960203e-11, 0.99921756982803, 0, -0.0020295714493841, 7.6293943607197e-08, 0.00013328551722225, 1, },
		{ 0.99909603595734, -1.1000088643784e-12, -0.042506869882345, 0, 5.1545434587297e-12, 1, 9.5276724010329e-11, 0, 0.042506869882345, -9.5409714850891e-11, 0.99909603595734, 0, -8.2702637882903e-05, 7.6293943607197e-08, 5.4168699534785e-06, 1, },
		{ 0.99896687269211, -1.0260681193586e-12, -0.04544186219573, 0, 5.6603610687489e-12, 1, 1.0185043780586e-10, 0, 0.04544186219573, -1.0200243427683e-10, 0.99896687269211, 0, 0.0018641662318259, 7.6293943607197e-08, -0.0001224517764058, 1, },
		{ 0.99883127212524, -9.3458574212946e-13, -0.048331391066313, 0, 6.1772804753335e-12, 1, 1.0832168495511e-10, 0, 0.048331391066313, -1.0849363768495e-10, 0.99883127212524, 0, 0.0042306515388191, 7.6293943607197e-08, -0.00027786253485829, 1, },
		{ 0.99869072437286, -8.2689405453071e-13, -0.051153089851141, 0, 6.7001959536128e-12, 1, 1.1464045684972e-10, 0, 0.051153089851141, -1.1483308748339e-10, 0.99869072437286, 0, 0.0065971370786428, 7.6293943607197e-08, -0.00043327329331078, 1, },
		{ 0.99854701757431, -7.0543565563672e-13, -0.053884606808424, 0, 7.2231105645304e-12, 1, 1.2075671018685e-10, 0, 0.053884606808424, -1.2097046975246e-10, 0.99854701757431, 0, 0.0092062372714281, 7.6293943607197e-08, -0.00060462951660156, 1, },
		{ 0.99840211868286, -5.7331916991643e-13, -0.056506354361773, 0, 7.7411410615014e-12, 1, 1.2662665360708e-10, 0, 0.056506354361773, -1.2686174333254e-10, 0.99840211868286, 0, 0.011942596174777, 7.6293943607197e-08, -0.0007843017228879, 1, },
		{ 0.99825727939606, -4.3276493499889e-13, -0.059009797871113, 0, 8.2502893405945e-12, 1, 1.3223122596884e-10, 0, 0.059009797871113, -1.3248763197637e-10, 0.99825727939606, 0, 0.014798430725932, 7.6293943607197e-08, -0.00097183225443587, 1, },
		{ 0.99811375141144, -2.8599345114344e-13, -0.06138914078474, 0, 8.7470031218118e-12, 1, 1.3755752092948e-10, 0, 0.06138914078474, -1.3783504893006e-10, 0.99811375141144, 0, 0.017768859863281, 7.6293943607197e-08, -0.0011669158702716, 1, },
		{ 0.99797284603119, -1.3544720900427e-13, -0.063638582825661, 0, 9.2286178698942e-12, 1, 1.4259268765748e-10, 0, 0.063638582825661, -1.4289094907305e-10, 0.99797284603119, 0, 0.020850066095591, 7.6293943607197e-08, -0.0013692474458367, 1, },
		{ 0.9978358745575, 1.6431300764452e-14, -0.065752372145653, 0, 9.6913588265579e-12, 1, 1.4732384756577e-10, 0, 0.065752372145653, -1.4764227340702e-10, 0.9978358745575, 0, 0.02403793297708, 7.6293943607197e-08, -0.0015785979339853, 1, },
		{ 0.99770390987396, 1.6742163211347e-13, -0.067724727094173, 0, 1.0132561456544e-11, 1, 1.5173814982283e-10, 0, 0.067724727094173, -1.5207599068923e-10, 0.99770390987396, 0, 0.027328033000231, 7.6293943607197e-08, -0.0017946624429896, 1, },
		{ 0.99757838249207, 3.1463720517877e-13, -0.069549880921841, 0, 1.0548672178812e-11, 1, 1.5582270196379e-10, 0, 0.069549880921841, -1.5617904192133e-10, 0.99757838249207, 0, 0.030716245993972, 7.6293943607197e-08, -0.0020172118674964, 1, },
		{ 0.99746042490005, 4.5607961851601e-13, -0.071222051978111, 0, 1.0936140881768e-11, 1, 1.5956475030166e-10, 0, 0.071222051978111, -1.5993842361617e-10, 0.99746042490005, 0, 0.034198760986328, 7.6293943607197e-08, -0.0022459411993623, 1, },
		{ 0.99735110998154, 5.8997251528581e-13, -0.072735480964184, 0, 1.1292521605311e-11, 1, 1.629513468604e-10, 0, 0.072735480964184, -1.6334111840877e-10, 0.99735110998154, 0, 0.03777114674449, 7.6293943607197e-08, -0.0024804687127471, 1, },
		{ 0.99725180864334, 7.132072710192e-13, -0.074084408581257, 0, 1.1614709194419e-11, 1, 1.6596969631966e-10, 0, 0.074084408581257, -1.6637408117859e-10, 0.99725180864334, 0, 0.041428830474615, 7.6293943607197e-08, -0.0027207182720304, 1, },
		{ 0.99716347455978, 8.2489565308638e-13, -0.075265482068062, 0, 1.1899814467142e-11, 1, 1.6861237406296e-10, 0, 0.075265482068062, -1.6902973465349e-10, 0.99716347455978, 0, 0.045165710151196, 7.6293943607197e-08, -0.0029661559965461, 1, },
		{ 0.99708586931229, 9.2348351188321e-13, -0.076285064220428, 0, 1.2148726469263e-11, 1, 1.7089353543387e-10, 0, 0.076285064220428, -1.7132234519934e-10, 0.99708586931229, 0, 0.048964384943247, 7.6293943607197e-08, -0.0032155609223992, 1, },
		{ 0.99701917171478, 1.0094147739892e-12, -0.077151909470558, 0, 1.2361889289991e-11, 1, 1.7283299791337e-10, 0, 0.077151909470558, -1.7327159151925e-10, 0.99701917171478, 0, 0.052805479615927, 7.6293943607197e-08, -0.0034678648225963, 1, },
		{ 0.9969630241394, 1.0824674490095e-12, -0.077874779701233, 0, 1.2541079286166e-11, 1, 1.744503153045e-10, 0, 0.077874779701233, -1.7489715231633e-10, 0.9969630241394, 0, 0.0566694624722, 7.6293943607197e-08, -0.0037216185592115, 1, },
		{ 0.99691700935364, 1.1424193839191e-12, -0.078462459146976, 0, 1.2687849902659e-11, 1, 1.7576506916583e-10, 0, 0.078462459146976, -1.762187062937e-10, 0.99691700935364, 0, 0.060536801815033, 7.6293943607197e-08, -0.0039755250327289, 1, },
		{ 0.99688053131104, 1.1901590823982e-12, -0.078923679888248, 0, 1.2803313964582e-11, 1, 1.7679688268935e-10, 0, 0.078923679888248, -1.7725589052109e-10, 0.99688053131104, 0, 0.06438796967268, 7.6293943607197e-08, -0.0042284391820431, 1, },
		{ 0.99685323238373, 1.2259082637911e-12, -0.07926718890667, 0, 1.2889911360503e-11, 1, 1.7756537906699e-10, 0, 0.07926718890667, -1.7802839757941e-10, 0.99685323238373, 0, 0.068203583359718, 7.6293943607197e-08, -0.0044790650717914, 1, },
		{ 0.99683457612991, 1.2505552149378e-12, -0.07950172573328, 0, 1.2949197270018e-11, 1, 1.78090098224e-10, 0, 0.07950172573328, -1.7855585066062e-10, 0.99683457612991, 0, 0.071963958442211, 7.6293943607197e-08, -0.0047260285355151, 1, },
		{ 0.9968239068985, 1.264766069653e-12, -0.079636052250862, 0, 1.2982726005362e-11, 1, 1.7839060784119e-10, 0, 0.079636052250862, -1.7885794234562e-10, 0.9968239068985, 0, 0.075649715960026, 7.6293943607197e-08, -0.0049680327065289, 1, },
		{ 0.9968204498291, 1.2692069617515e-12, -0.079678885638714, 0, 1.2993606191003e-11, 1, 1.7848642008822e-10, 0, 0.079678885638714, -1.7895424031522e-10, 0.9968204498291, 0, 0.079241022467613, 7.6293943607197e-08, -0.0052038570865989, 1, },
		{ 0.99683338403702, 1.2521095271723e-12, -0.079517386853695, 0, 1.295297116094e-11, 1, 1.7812512576043e-10, 0, 0.079517386853695, -1.785910447305e-10, 0.99683338403702, 0, 0.082720182836056, 7.6293943607197e-08, -0.0054323575459421, 1, },
		{ 0.99687063694, 1.2032597140887e-12, -0.079049102962017, 0, 1.283484343112e-11, 1, 1.7707747768103e-10, 0, 0.079049102962017, -1.7753795655828e-10, 0.99687063694, 0, 0.086075440049171, 7.6293943607197e-08, -0.0056526944972575, 1, },
		{ 0.99692976474762, 1.125544102365e-12, -0.07829836755991, 0, 1.264677251811e-11, 1, 1.7539794616717e-10, 0, 0.07829836755991, -1.758496820381e-10, 0.99692976474762, 0, 0.089295499026775, 7.6293943607197e-08, -0.0058641815558076, 1, },
		{ 0.99700856208801, 1.0231815394945e-12, -0.07728948444128, 0, 1.2395862114545e-11, 1, 1.7314079336916e-10, 0, 0.07728948444128, -1.7358096904285e-10, 0.99700856208801, 0, 0.092371061444283, 7.6293943607197e-08, -0.0060661314055324, 1, },
		{ 0.99710410833359, 9.0016882836608e-13, -0.076046757400036, 0, 1.2090328738168e-11, 1, 1.7036036470408e-10, 0, 0.076046757400036, -1.7078649605651e-10, 0.99710410833359, 0, 0.095290675759315, 7.6293943607197e-08, -0.0062579344958067, 1, },
		{ 0.99721372127533, 7.6116890568301e-13, -0.074594482779503, 0, 1.1737276948975e-11, 1, 1.6711101946676e-10, 0, 0.074594482779503, -1.675209693186e-10, 0.99721372127533, 0, 0.097956083714962, 7.6293943607197e-08, -0.00643295282498, 1, },
		{ 0.99733489751816, 6.0995652972906e-13, -0.072956971824169, 0, 1.134514704404e-11, 1, 1.6344695041859e-10, 0, 0.072956971824169, -1.6383908119089e-10, 0.99733489751816, 0, 0.10062133520842, 7.6293943607197e-08, -0.0066079711541533, 1, },
		{ 0.99746489524841, 4.5075052089276e-13, -0.071158520877361, 0, 1.0921263025876e-11, 1, 1.5942258624335e-10, 0, 0.071158520877361, -1.5979559342405e-10, 0.99746489524841, 0, 0.10291290283203, 7.6293943607197e-08, -0.0067584225907922, 1, },
		{ 0.99760097265244, 2.8754776337792e-13, -0.069223448634148, 0, 1.0473621969709e-11, 1, 1.5509221684695e-10, 0, 0.069223448634148, -1.5544519837984e-10, 0.99760097265244, 0, 0.10520446300507, 7.6293943607197e-08, -0.0069089508615434, 1, },
		{ 0.99774104356766, 1.2434497875802e-13, -0.067176088690758, 0, 1.0008881744239e-11, 1, 1.5051028479096e-10, 0, 0.067176088690758, -1.5084264393117e-10, 0.99774104356766, 0, 0.10708145052195, 7.6293943607197e-08, -0.0070322416722775, 1, },
		{ 0.99788272380829, -3.619327060278e-14, -0.065037295222282, 0, 9.5339292016661e-12, 1, 1.4572337780905e-10, 0, 0.065037295222282, -1.4603489251197e-10, 0.99788272380829, 0, 0.10895858705044, 7.6293943607197e-08, -0.0071554565802217, 1, },
		{ 0.9980251789093, -1.9206856970762e-13, -0.062814004719257, 0, 9.0507601413492e-12, 1, 1.407469973902e-10, 0, 0.062814004719257, -1.4103757051132e-10, 0.9980251789093, 0, 0.11041259765625, 7.6293943607197e-08, -0.0072509762831032, 1, },
		{ 0.99816751480103, -3.4172664697962e-13, -0.06050968170166, 0, 8.5620399659092e-12, 1, 1.3558883182885e-10, 0, 0.06050968170166, -1.3585847724595e-10, 0.99816751480103, 0, 0.11186675727367, 7.6293943607197e-08, -0.0073464964516461, 1, },
		{ 0.99830907583237, -4.8383519413164e-13, -0.058127775788307, 0, 8.0691009429756e-12, 1, 1.3025663880839e-10, 0, 0.058127775788307, -1.3050543978821e-10, 0.99830907583237, 0, 0.11273299902678, 7.6293943607197e-08, -0.0074033355340362, 1, },
		{ 0.9984490275383, -6.1706195708666e-13, -0.055671751499176, 0, 7.5746076078076e-12, 1, 1.247580649899e-10, 0, 0.055671751499176, -1.2498625745483e-10, 0.9984490275383, 0, 0.11359938979149, 7.6293943607197e-08, -0.0074602505192161, 1, },
		{ 0.99858671426773, -7.4029671282005e-13, -0.053145077079535, 0, 7.0801138389587e-12, 1, 1.191008403012e-10, 0, 0.053145077079535, -1.1930878507371e-10, 0.99858671426773, 0, 0.11446578800678, 7.6293943607197e-08, -0.0075171659700572, 1, },
		{ 0.99872136116028, -8.5131901528257e-13, -0.050551228225231, 0, 6.587175249706e-12, 1, 1.1329272936456e-10, 0, 0.050551228225231, -1.1348084971718e-10, 0.99872136116028, 0, 0.1153321787715, 7.6293943607197e-08, -0.0075740814208984, 1, },
		{ 0.99885231256485, -9.4968477526436e-13, -0.047893680632114, 0, 6.0977889404512e-12, 1, 1.0734144822999e-10, 0, 0.047893680632114, -1.0751029927425e-10, 0.99885231256485, 0, 0.11487410962582, 7.6293943607197e-08, -0.0075439452193677, 1, },
		{ 0.99897885322571, -1.033617635926e-12, -0.045175895094872, 0, 5.6139537463196e-12, 1, 1.0125476845868e-10, 0, 0.045175895094872, -1.0140498163391e-10, 0.99897885322571, 0, 0.11441604048014, 7.6293943607197e-08, -0.0075138853862882, 1, },
		{ 0.99910050630569, -1.1022294188479e-12, -0.042401365935802, 0, 5.1367798903357e-12, 1, 9.5040426917326e-11, 0, 0.042401365935802, -9.5172751624073e-11, 0.99910050630569, 0, 0.11395797133446, 7.6293943607197e-08, -0.0074838255532086, 1, },
		{ 0.99921643733978, -1.1544099010052e-12, -0.039575196802616, 0, 4.6689314740778e-12, 1, 8.870982420861e-11, 0, 0.039575196802616, -8.8825093114142e-11, 0.99921643733978, 0, 0.11350005865097, 7.6293943607197e-08, -0.007453765720129, 1, },
		{ 0.99932587146759, -1.1890488593735e-12, -0.036708917468786, 0, 4.2124082000328e-12, 1, 8.228879383454e-11, 0, 0.036708917468786, -8.2387950628426e-11, 0.99932587146759, 0, 0.11304198950529, 7.6293943607197e-08, -0.0074236295185983, 1, },
		{ 0.99942797422409, -1.2050360709281e-12, -0.033815681934357, 0, 3.7707614808369e-12, 1, 7.5806742827478e-11, 0, 0.033815681934357, -7.589089079385e-11, 0.99942797422409, 0, 0.11258392035961, 7.6293943607197e-08, -0.0073935696855187, 1, },
		{ 0.99952203035355, -1.2021494910641e-12, -0.03090862929821, 0, 3.3457678901699e-12, 1, 6.9293161486517e-11, 0, 0.03090862929821, -6.9363438603975e-11, 0.99952203035355, 0, 0.11212585121393, 7.6293943607197e-08, -0.0073635098524392, 1, },
		{ 0.99960768222809, -1.1806111643864e-12, -0.028000973165035, 0, 2.9396485246025e-12, 1, 6.2777567866323e-11, 0, 0.028000973165035, -6.2835237013559e-11, 0.99960768222809, 0, 0.11166778206825, 7.6293943607197e-08, -0.0073333736509085, 1, },
		{ 0.99968475103378, -1.14019904629e-12, -0.025105860084295, 0, 2.5541790904526e-12, 1, 5.628945226599e-11, 0, 0.025105860084295, -5.6335817955055e-11, 0.99968475103378, 0, 0.10973403602839, 7.6293943607197e-08, -0.007206420879811, 1, },
		{ 0.99975264072418, -1.08113518138e-12, -0.022236458957195, 0, 2.1906920721904e-12, 1, 4.9858360495758e-11, 0, 0.022236458957195, -4.9894734177602e-11, 0.99975264072418, 0, 0.10780014097691, 7.6293943607197e-08, -0.0070793912746012, 1, },
		{ 0.99981147050858, -1.0051959264956e-12, -0.019405961036682, 0, 1.8500756482354e-12, 1, 4.3513879999235e-11, 0, 0.019405961036682, -4.3541566185912e-11, 0.99981147050858, 0, 0.10539458692074, 7.6293943607197e-08, -0.0069214627146721, 1, },
		{ 0.99986165761948, -9.1326935163644e-13, -0.016627546399832, 0, 1.5334400416123e-12, 1, 3.7285542708876e-11, 0, 0.016627546399832, -3.7305880606908e-11, 0.99986165761948, 0, 0.10298919677734, 7.6293943607197e-08, -0.0067634582519531, 1, },
		{ 0.99990302324295, -8.0668799548253e-13, -0.013914383947849, 0, 1.2407851439009e-12, 1, 3.1202963823862e-11, 0, 0.013914383947849, -3.1217195495259e-11, 0.99990302324295, 0, 0.10028441995382, 7.6293943607197e-08, -0.0065858457237482, 1, },
		{ 0.99993628263474, -6.8700595342794e-13, -0.011279281228781, 0, 9.7255536957164e-13, 1, 2.5294835670486e-11, 0, 0.011279281228781, -2.5304180625851e-11, 0.99993628263474, 0, 0.097407527267933, 7.6293943607197e-08, -0.0063969418406487, 1, },
		{ 0.99996167421341, -5.5688786915198e-13, -0.0087335035204887, 0, 7.2808425954918e-13, 1, 1.9586526844861e-11, 0, 0.0087335035204887, -1.9592119593348e-11, 0.99996167421341, 0, 0.094371639192104, 7.6293943607197e-08, -0.0061975098215044, 1, },
		{ 0.999980032444, -4.1833203567876e-13, -0.0062879472970963, 0, 5.0714987764877e-13, 1, 1.4102461386167e-11, 0, 0.0062879472970963, -1.4105361843819e-11, 0.999980032444, 0, 0.091188348829746, 7.6293943607197e-08, -0.0059884642250836, 1, },
		{ 0.99999195337296, -2.7311486405779e-13, -0.003953505307436, 0, 3.0841995624087e-13, 1, 8.8671778253335e-12, 0, 0.003953505307436, -8.8683227428277e-12, 0.99999195337296, 0, 0.087869562208652, 7.6293943607197e-08, -0.0057705687358975, 1, },
		{ 0.99999833106995, -1.2456700981042e-13, -0.001741036772728, 0, 1.3145040611562e-13, 1, 3.9050568334531e-12, 0, 0.001741036772728, -3.9052580613763e-12, 0.99999833106995, 0, 0.084426879882812, 7.6293943607197e-08, -0.0055444333702326, 1, },
		{ 0.99999988079071, 2.5091040356529e-14, 0.00033855438232422, 0, -2.4868995751604e-14, 1, -7.5935785437409e-13, 0, -0.00033855438232422, 7.593786710558e-13, 0.99999988079071, 0, 0.080871731042862, 7.6293943607197e-08, -0.0053109740838408, 1, },
		{ 0.99999725818634, 1.7319479184152e-13, 0.0022744089365005, 0, -1.6164847238542e-13, 1, -5.1016899038636e-12, 0, -0.0022744089365005, 5.1013360202745e-12, 0.99999725818634, 0, 0.077215880155563, 7.6293943607197e-08, -0.0050708767957985, 1, },
		{ 0.99999159574509, 3.1685765122802e-13, 0.0040556411258876, 0, -2.7999824681046e-13, 1, -9.0974103250652e-12, 0, -0.0040556411258876, 9.096215967952e-12, 0.99999159574509, 0, 0.073470912873745, 7.6293943607197e-08, -0.004824981559068, 1, },
		{ 0.99998378753662, 4.5341508325691e-13, 0.0056713670492172, 0, -3.8125058665628e-13, 1, -1.2722073394755e-11, 0, -0.0056713670492172, 1.271973498751e-11, 0.99998378753662, 0, 0.069648586213589, 7.6293943607197e-08, -0.0045739742927253, 1, },
		{ 0.99997454881668, 5.7975840924915e-13, 0.0071107670664787, 0, -4.6651571494749e-13, 1, -1.5951342677289e-11, 0, -0.0071107670664787, 1.5947644246839e-11, 0.99997454881668, 0, 0.065760187804699, 7.6293943607197e-08, -0.0043186186812818, 1, },
		{ 0.99996489286423, 6.9411143499565e-13, 0.0083664879202843, 0, -5.3712584510354e-13, 1, -1.8768646359302e-11, 0, -0.0083664879202843, 1.8763532394495e-11, 0.99996489286423, 0, 0.061819303780794, 7.6293943607197e-08, -0.0040597533807158, 1, },
		{ 0.99995517730713, 7.9514167602643e-13, 0.0094454949721694, 0, -5.9485749659416e-13, 1, -2.1189584809012e-11, 0, -0.0094454949721694, 2.1183034493166e-11, 0.99995517730713, 0, 0.057844541966915, 7.6293943607197e-08, -0.0037987518589944, 1, },
		{ 0.99994623661041, 8.8240520576197e-13, 0.010358259081841, 0, -6.4193095283827e-13, 1, -2.3237585466962e-11, 0, -0.010358259081841, 2.3229709822381e-11, 0.99994623661041, 0, 0.053856655955315, 7.6293943607197e-08, -0.0035368346143514, 1, },
		{ 0.99993813037872, 9.5634611341211e-13, 0.011115290224552, 0, -6.7945643686049e-13, 1, -2.4936205877957e-11, 0, -0.011115290224552, 2.4927136743624e-11, 0.99993813037872, 0, 0.049876097589731, 7.6293943607197e-08, -0.003275451483205, 1, },
		{ 0.99993115663528, 1.0169642905566e-12, 0.011727049015462, 0, -7.0854433431577e-13, 1, -2.6308913381179e-11, 0, -0.011727049015462, 2.6298803412761e-11, 0.99993115663528, 0, 0.04592315480113, 7.6293943607197e-08, -0.0030158231966197, 1, },
		{ 0.99992537498474, 1.0651478614052e-12, 0.012204065918922, 0, -7.3097078520309e-13, 1, -2.737927939922e-11, 0, -0.012204065918922, 2.7368350641321e-11, 0.99992537498474, 0, 0.04201827943325, 7.6293943607197e-08, -0.0027593993581831, 1, },
		{ 0.99992108345032, 1.1006751066134e-12, 0.012556821107864, 0, -7.4718004136262e-13, 1, -2.817081984352e-11, 0, -0.012556821107864, 2.8159245768489e-11, 0.99992108345032, 0, 0.038182221353054, 7.6293943607197e-08, -0.0025074768345803, 1, },
		{ 0.99991804361343, 1.1251000131551e-12, 0.012795828282833, 0, -7.5783823660913e-13, 1, -2.8707152974206e-11, 0, -0.012795828282833, 2.8695120932176e-11, 0.99991804361343, 0, 0.034435119479895, 7.6293943607197e-08, -0.0022614288609475, 1, },
		{ 0.99991691112518, 1.134425886562e-12, 0.012885122559965, 0, -7.6183498528767e-13, 1, -2.8907513535681e-11, 0, -0.012885122559965, 2.8895323633815e-11, 0.99991691112518, 0, 0.030797576531768, 7.6293943607197e-08, -0.0020225525368005, 1, },
		{ 0.99991571903229, 1.1435297153639e-12, 0.012974410317838, 0, -7.6560979778151e-13, 1, -2.9107872362433e-11, 0, -0.012974410317838, 2.9095503784049e-11, 0.99991571903229, 0, 0.027290496975183, 7.6293943607197e-08, -0.0017922209808603, 1, },
		{ 0.99991792440414, 1.1264322807847e-12, 0.012808300554752, 0, -7.5828227160887e-13, 1, -2.8735146206937e-11, 0, -0.012808300554752, 2.8723084674609e-11, 0.99991792440414, 0, 0.023923492059112, 7.6293943607197e-08, -0.001571121159941, 1, },
		{ 0.99992436170578, 1.0735856648125e-12, 0.012289262376726, 0, -7.3496758809175e-13, 1, -2.7570437252655e-11, 0, -0.012289262376726, 2.7559343696026e-11, 0.99992436170578, 0, 0.020666960626841, 7.6293943607197e-08, -0.0013572692405432, 1, },
		{ 0.99993509054184, 9.8321351060804e-13, 0.011386125348508, 0, -6.9233502394614e-13, 1, -2.5543905532444e-11, 0, -0.011386125348508, 2.5534387104731e-11, 0.99993509054184, 0, 0.017480468377471, 7.6293943607197e-08, -0.0011479950044304, 1, },
		{ 0.99994921684265, 8.5442763975152e-13, 0.010067716240883, 0, -6.2727600891321e-13, 1, -2.2585669445796e-11, 0, -0.010067716240883, 2.2578237890425e-11, 0.99994921684265, 0, 0.014323882758617, 7.6293943607197e-08, -0.00094070431077853, 1, },
		{ 0.99996531009674, 6.8811623066267e-13, 0.0083029717206955, 0, -5.3357318563485e-13, 1, -1.8626135356303e-11, 0, -0.0083029717206955, 1.8621090780435e-11, 0.99996531009674, 0, 0.011157074011862, 7.6293943607197e-08, -0.00073272705776617, 1, },
		{ 0.99998116493225, 4.9249493372372e-13, 0.0061243320815265, 0, -4.0856207306206e-13, 1, -1.3738316040346e-11, 0, -0.0061243320815265, 1.3735567370998e-11, 0.99998116493225, 0, 0.0079922480508685, 7.6293943607197e-08, -0.0005249023088254, 1, },
		{ 0.99999260902405, 2.9731772599462e-13, 0.0038190484046936, 0, -2.6445512446571e-13, 1, -8.5666820859309e-12, 0, -0.0038190484046936, 8.5656273740575e-12, 0.99999260902405, 0, 0.0050520324148238, 7.6293943607197e-08, -0.00033180235186592, 1, },
		{ 0.99999839067459, 1.3122836151069e-13, 0.0017379745841026, 0, -1.2456700981042e-13, 1, -3.8983954953054e-12, 0, -0.0017379745841026, 3.8981734507004e-12, 0.99999839067459, 0, 0.0029986570589244, 7.6293943607197e-08, -0.00019691466877703, 1, },
		{ 0.99999988079071, 1.7319479184152e-14, 0.00023203343153, 0, -1.7097434579227e-14, 1, -5.2044479836866e-13, 0, -0.00023203343153, 5.2045867615647e-13, 0.99999988079071, 0, 0.00094512937357649, 7.6293943607197e-08, -6.2103266827762e-05, 1, },
		{ 0.99999976158142, -2.5313084961454e-14, -0.00034793466329575, 0, 2.5757174171304e-14, 1, 7.8043127516025e-13, 0, 0.00034793466329575, -7.8042433626635e-13, 0.99999976158142, 0, 0.00032852170988917, 7.6293943607197e-08, -2.1591185941361e-05, 1, },
	},
}
end
