function data()
return {
	times = { 0, 41.667, 83.333, 125, 166.667, 208.333, 250, 291.667, 333.333, 375, 416.667, 458.333, 500, 541.667, 583.333, 625, 666.667, 708.333, 750, 791.667, 833.333, 875, 916.667, 958.333, 1000, 1041.667, 1083.333, 1125, 1166.667, 1208.333, 1250, 1291.667, 1333.333, 1375, 1416.667, 1458.333, 1500, 1541.667, 1583.333, 1625, 1666.667, 1708.333, 1750, 1791.667, 1833.333, 1875, 1916.667, 1958.333, 2000, 2041.667, 2083.333, 2125, 2166.667, 2208.333, 2250, 2291.667, 2333.333, 2375, 2416.667, 2458.333, 2500, 2541.667, 2583.333, 2625, 2666.667, 2708.333, 2750, 2791.667, 2833.333, 2875, 2916.667, 2958.333, 3000, 3041.667, 3083.333, 3125, 3166.667, 3208.333, 3250, 3291.667, 3333.333, 3375, 3416.667, 3458.333, 3500, 3541.667, 3583.333, 3625, 3666.667, 3708.333, 3750, 3791.667, 3833.333, 3875, 3916.667, 3958.333, 4000, 4041.667, 4083.333, 4125, 4166.667, },
	transfs = {
		{ 1, 0, 0, 0, 0, 1, 0, 0, 0, 0, 1, 0, 0, 0, 0, 1, },
		{ 0.99999976158142, 0, -0.00059079442871734, 0, 0, 1, 0, 0, 0.00059079442871734, 0, 0.99999976158142, 0, 0.0015631102724001, 0, 0, 1, },
		{ 0.9999977350235, 0, -0.0021063892636448, 0, 0, 1, 0, 0, 0.0021063892636448, 0, 0.9999977350235, 0, 0.0031262205448002, 0, 0, 1, },
		{ 0.99999129772186, 0, -0.0041615986265242, 0, 0, 1, 0, 0, 0.0041615986265242, 0, 0.99999129772186, 0, 0.0064109801314771, 0, 0, 1, },
		{ 0.99997967481613, 0, -0.0063712308183312, 0, 0, 1, 0, 0, 0.0063712308183312, 0, 0.99997967481613, 0, 0.010290374979377, 0, 0, 1, },
		{ 0.99996513128281, 0, -0.0083501022309065, 0, 0, 1, 0, 0, 0.0083501022309065, 0, 0.99996513128281, 0, 0.014348601922393, 0, 0, 1, },
		{ 0.99995201826096, 0, -0.00979517493397, 0, 0, 1, 0, 0, 0.00979517493397, 0, 0.99995201826096, 0, 0.018250120803714, 0, 0, 1, },
		{ 0.99994242191315, 0, -0.010731894522905, 0, 0, 1, 0, 0, 0.010731894522905, 0, 0.99994242191315, 0, 0.021975249052048, 0, 0, 1, },
		{ 0.99993646144867, 0, -0.011267820373178, 0, 0, 1, 0, 0, 0.011267820373178, 0, 0.99993646144867, 0, 0.025582427158952, 0, 0, 1, },
		{ 0.99993377923965, 0, -0.011510506272316, 0, 0, 1, 0, 0, 0.011510506272316, 0, 0.99993377923965, 0, 0.029131773859262, 0, 0, 1, },
		{ 0.99993312358856, 0, -0.011567503213882, 0, 0, 1, 0, 0, 0.011567503213882, 0, 0.99993312358856, 0, 0.032682035118341, 0, 0, 1, },
		{ 0.99993318319321, 0, -0.011560078710318, 0, 0, 1, 0, 0, 0.011560078710318, 0, 0.99993318319321, 0, 0.036278989166021, 0, 0, 1, },
		{ 0.99993318319321, 0, -0.011552654206753, 0, 0, 1, 0, 0, 0.011552654206753, 0, 0.99993318319321, 0, 0.039914701133966, 0, 0, 1, },
		{ 0.9999333024025, 0, -0.011545229703188, 0, 0, 1, 0, 0, 0.011545229703188, 0, 0.9999333024025, 0, 0.043567504733801, 0, 0, 1, },
		{ 0.99993366003036, 0, -0.011514700949192, 0, 0, 1, 0, 0, 0.011514700949192, 0, 0.99993366003036, 0, 0.047216337174177, 0, 0, 1, },
		{ 0.99993419647217, 0, -0.011464369483292, 0, 0, 1, 0, 0, 0.011464369483292, 0, 0.99993419647217, 0, 0.050838928669691, 0, 0, 1, },
		{ 0.99993759393692, 0, -0.011169260367751, 0, 0, 1, 0, 0, 0.011169260367751, 0, 0.99993759393692, 0, 0.054416656494141, 0, 0, 1, },
		{ 0.99994522333145, 0, -0.01046753488481, 0, 0, 1, 0, 0, 0.01046753488481, 0, 0.99994522333145, 0, 0.057939145714045, 0, 0, 1, },
		{ 0.99995535612106, 0, -0.0094489688053727, 0, 0, 1, 0, 0, 0.0094489688053727, 0, 0.99995535612106, 0, 0.06139861792326, 0, 0, 1, },
		{ 0.99996626377106, 0, -0.008203336969018, 0, 0, 1, 0, 0, 0.008203336969018, 0, 0.99996626377106, 0, 0.064787290990353, 0, 0, 1, },
		{ 0.99997669458389, 0, -0.0068204114213586, 0, 0, 1, 0, 0, 0.0068204114213586, 0, 0.99997669458389, 0, 0.068097077310085, 0, 0, 1, },
		{ 0.99998551607132, 0, -0.0053713601082563, 0, 0, 1, 0, 0, 0.0053713601082563, 0, 0.99998551607132, 0, 0.071318969130516, 0, 0, 1, },
		{ 0.9999925494194, 0, -0.0038528931327164, 0, 0, 1, 0, 0, 0.0038528931327164, 0, 0.9999925494194, 0, 0.074439845979214, 0, 0, 1, },
		{ 0.99999743700027, 0, -0.0022431032266468, 0, 0, 1, 0, 0, 0.0022431032266468, 0, 0.99999743700027, 0, 0.077444761991501, 0, 0, 1, },
		{ 0.99999988079071, 0, -0.00052008626516908, 0, 0, 1, 0, 0, 0.00052008626516908, 0, 0.99999988079071, 0, 0.080246120691299, 0, 0, 1, },
		{ 0.99999904632568, 0, 0.0013380621094257, 0, 0, 1, 0, 0, -0.0013380621094257, 0, 0.99999904632568, 0, 0.083047486841679, 0, 0, 1, },
		{ 0.99999439716339, 0, 0.0033467886969447, 0, 0, 1, 0, 0, -0.0033467886969447, 0, 0.99999439716339, 0, 0.085538178682327, 0, 0, 1, },
		{ 0.99998486042023, 0, 0.0054957196116447, 0, 0, 1, 0, 0, -0.0054957196116447, 0, 0.99998486042023, 0, 0.088028870522976, 0, 0, 1, },
		{ 0.9999697804451, 0, 0.007768024224788, 0, 0, 1, 0, 0, -0.007768024224788, 0, 0.9999697804451, 0, 0.090196684002876, 0, 0, 1, },
		{ 0.99994850158691, 0, 0.010146874003112, 0, 0, 1, 0, 0, -0.010146874003112, 0, 0.99994850158691, 0, 0.092364653944969, 0, 0, 1, },
		{ 0.99992042779922, 0, 0.01261542737484, 0, 0, 1, 0, 0, -0.01261542737484, 0, 0.99992042779922, 0, 0.094199672341347, 0, 0, 1, },
		{ 0.99988508224487, 0, 0.015158834867179, 0, 0, 1, 0, 0, -0.015158834867179, 0, 0.99988508224487, 0, 0.096034847199917, 0, 0, 1, },
		{ 0.99984210729599, 0, 0.017770107835531, 0, 0, 1, 0, 0, -0.017770107835531, 0, 0.99984210729599, 0, 0.097181089222431, 0, 0, 1, },
		{ 0.99979096651077, 0, 0.020444259047508, 0, 0, 1, 0, 0, -0.020444259047508, 0, 0.99979096651077, 0, 0.098327331244946, 0, 0, 1, },
		{ 0.999731361866, 0, 0.023176282644272, 0, 0, 1, 0, 0, -0.023176282644272, 0, 0.999731361866, 0, 0.09947357326746, 0, 0, 1, },
		{ 0.9996629357338, 0, 0.025961179286242, 0, 0, 1, 0, 0, -0.025961179286242, 0, 0.9996629357338, 0, 0.099039763212204, 0, 0, 1, },
		{ 0.99958544969559, 0, 0.02879055403173, 0, 0, 1, 0, 0, -0.02879055403173, 0, 0.99958544969559, 0, 0.098606109619141, 0, 0, 1, },
		{ 0.9994992017746, 0, 0.031642474234104, 0, 0, 1, 0, 0, -0.031642474234104, 0, 0.9994992017746, 0, 0.098172456026077, 0, 0, 1, },
		{ 0.99940496683121, 0, 0.0344916023314, 0, 0, 1, 0, 0, -0.0344916023314, 0, 0.99940496683121, 0, 0.097738645970821, 0, 0, 1, },
		{ 0.99930363893509, 0, 0.037312619388103, 0, 0, 1, 0, 0, -0.037312619388103, 0, 0.99930363893509, 0, 0.097304835915565, 0, 0, 1, },
		{ 0.99919641017914, 0, 0.040080223232508, 0, 0, 1, 0, 0, -0.040080223232508, 0, 0.99919641017914, 0, 0.096871182322502, 0, 0, 1, },
		{ 0.99908465147018, 0, 0.042774800211191, 0, 0, 1, 0, 0, -0.042774800211191, 0, 0.99908465147018, 0, 0.096437528729439, 0, 0, 1, },
		{ 0.99896889925003, 0, 0.045399449765682, 0, 0, 1, 0, 0, -0.045399449765682, 0, 0.99896889925003, 0, 0.096003718674183, 0, 0, 1, },
		{ 0.99884903430939, 0, 0.047962952405214, 0, 0, 1, 0, 0, -0.047962952405214, 0, 0.99884903430939, 0, 0.095569916069508, 0, 0, 1, },
		{ 0.99872535467148, 0, 0.050474062561989, 0, 0, 1, 0, 0, -0.050474062561989, 0, 0.99872535467148, 0, 0.095136262476444, 0, 0, 1, },
		{ 0.99859762191772, 0, 0.052941601723433, 0, 0, 1, 0, 0, -0.052941601723433, 0, 0.99859762191772, 0, 0.093182526528835, 0, 0, 1, },
		{ 0.99846607446671, 0, 0.055367294698954, 0, 0, 1, 0, 0, -0.055367294698954, 0, 0.99846607446671, 0, 0.091228939592838, 0, 0, 1, },
		{ 0.99833244085312, 0, 0.057724945247173, 0, 0, 1, 0, 0, -0.057724945247173, 0, 0.99833244085312, 0, 0.088951259851456, 0, 0, 1, },
		{ 0.99819952249527, 0, 0.059981305152178, 0, 0, 1, 0, 0, -0.059981305152178, 0, 0.99819952249527, 0, 0.086673580110073, 0, 0, 1, },
		{ 0.99806970357895, 0, 0.062103152275085, 0, 0, 1, 0, 0, -0.062103152275085, 0, 0.99806970357895, 0, 0.084099881350994, 0, 0, 1, },
		{ 0.99794620275497, 0, 0.064057320356369, 0, 0, 1, 0, 0, -0.064057320356369, 0, 0.99794620275497, 0, 0.081526026129723, 0, 0, 1, },
		{ 0.99783146381378, 0, 0.065819978713989, 0, 0, 1, 0, 0, -0.065819978713989, 0, 0.99783146381378, 0, 0.078677825629711, 0, 0, 1, },
		{ 0.99772566556931, 0, 0.06740453094244, 0, 0, 1, 0, 0, -0.06740453094244, 0, 0.99772566556931, 0, 0.075829468667507, 0, 0, 1, },
		{ 0.99762809276581, 0, 0.068833597004414, 0, 0, 1, 0, 0, -0.068833597004414, 0, 0.99762809276581, 0, 0.072787471115589, 0, 0, 1, },
		{ 0.99753785133362, 0, 0.070129990577698, 0, 0, 1, 0, 0, -0.070129990577698, 0, 0.99753785133362, 0, 0.069622494280338, 0, 0, 1, },
		{ 0.99745374917984, 0, 0.071316353976727, 0, 0, 1, 0, 0, -0.071316353976727, 0, 0.99745374917984, 0, 0.066339418292046, 0, 0, 1, },
		{ 0.99737513065338, 0, 0.072406485676765, 0, 0, 1, 0, 0, -0.072406485676765, 0, 0.99737513065338, 0, 0.062944337725639, 0, 0, 1, },
		{ 0.99730408191681, 0, 0.073378548026085, 0, 0, 1, 0, 0, -0.073378548026085, 0, 0.99730408191681, 0, 0.059450834989548, 0, 0, 1, },
		{ 0.99724316596985, 0, 0.074201844632626, 0, 0, 1, 0, 0, -0.074201844632626, 0, 0.99724316596985, 0, 0.055873870849609, 0, 0, 1, },
		{ 0.99719512462616, 0, 0.074845656752586, 0, 0, 1, 0, 0, -0.074845656752586, 0, 0.99719512462616, 0, 0.052229002118111, 0, 0, 1, },
		{ 0.99716240167618, 0, 0.075279295444489, 0, 0, 1, 0, 0, -0.075279295444489, 0, 0.99716240167618, 0, 0.048530731350183, 0, 0, 1, },
		{ 0.99714285135269, 0, 0.075538203120232, 0, 0, 1, 0, 0, -0.075538203120232, 0, 0.99714285135269, 0, 0.044795531779528, 0, 0, 1, },
		{ 0.99713093042374, 0, 0.075695224106312, 0, 0, 1, 0, 0, -0.075695224106312, 0, 0.99713093042374, 0, 0.041043091565371, 0, 0, 1, },
		{ 0.99712812900543, 0, 0.075733423233032, 0, 0, 1, 0, 0, -0.075733423233032, 0, 0.99712812900543, 0, 0.037294309586287, 0, 0, 1, },
		{ 0.99712514877319, 0, 0.075771622359753, 0, 0, 1, 0, 0, -0.075771622359753, 0, 0.99712514877319, 0, 0.033569794148207, 0, 0, 1, },
		{ 0.99712228775024, 0, 0.075809814035892, 0, 0, 1, 0, 0, -0.075809814035892, 0, 0.99712228775024, 0, 0.029890289530158, 0, 0, 1, },
		{ 0.99714529514313, 0, 0.075505681335926, 0, 0, 1, 0, 0, -0.075505681335926, 0, 0.99714529514313, 0, 0.026275023818016, 0, 0, 1, },
		{ 0.99720692634583, 0, 0.074687346816063, 0, 0, 1, 0, 0, -0.074687346816063, 0, 0.99720692634583, 0, 0.022735595703125, 0, 0, 1, },
		{ 0.99729549884796, 0, 0.073495946824551, 0, 0, 1, 0, 0, -0.073495946824551, 0, 0.99729549884796, 0, 0.019282378256321, 0, 0, 1, },
		{ 0.99739933013916, 0, 0.072072565555573, 0, 0, 1, 0, 0, -0.072072565555573, 0, 0.99739933013916, 0, 0.015924988314509, 0, 0, 1, },
		{ 0.99750757217407, 0, 0.070558361709118, 0, 0, 1, 0, 0, -0.070558361709118, 0, 0.99750757217407, 0, 0.012673644348979, 0, 0, 1, },
		{ 0.9976122379303, 0, 0.069063059985638, 0, 0, 1, 0, 0, -0.069063059985638, 0, 0.9976122379303, 0, 0.0095391841605306, 0, 0, 1, },
		{ 0.99771440029144, 0, 0.067570723593235, 0, 0, 1, 0, 0, -0.067570723593235, 0, 0.99771440029144, 0, 0.0065353391692042, 0, 0, 1, },
		{ 0.99781733751297, 0, 0.066033817827702, 0, 0, 1, 0, 0, -0.066033817827702, 0, 0.99781733751297, 0, 0.0036766051780432, 0, 0, 1, },
		{ 0.99792385101318, 0, 0.064404852688313, 0, 0, 1, 0, 0, -0.064404852688313, 0, 0.99792385101318, 0, 0.0010643005371094, 0, 0, 1, },
		{ 0.99803638458252, 0, 0.062636323273182, 0, 0, 1, 0, 0, -0.062636323273182, 0, 0.99803638458252, 0, -0.0015481567243114, 0, 0, 1, },
		{ 0.99815654754639, 0, 0.060691997408867, 0, 0, 1, 0, 0, -0.060691997408867, 0, 0.99815654754639, 0, -0.0038020324427634, 0, 0, 1, },
		{ 0.99828261137009, 0, 0.058580782264471, 0, 0, 1, 0, 0, -0.058580782264471, 0, 0.99828261137009, 0, -0.0060559082776308, 0, 0, 1, },
		{ 0.99841260910034, 0, 0.056322831660509, 0, 0, 1, 0, 0, -0.056322831660509, 0, 0.99841260910034, 0, -0.0079859923571348, 0, 0, 1, },
		{ 0.99854421615601, 0, 0.053938414901495, 0, 0, 1, 0, 0, -0.053938414901495, 0, 0.99854421615601, 0, -0.0099159236997366, 0, 0, 1, },
		{ 0.99867564439774, 0, 0.051447719335556, 0, 0, 1, 0, 0, -0.051447719335556, 0, 0.99867564439774, 0, -0.011567077599466, 0, 0, 1, },
		{ 0.99880516529083, 0, 0.048869468271732, 0, 0, 1, 0, 0, -0.048869468271732, 0, 0.99880516529083, 0, -0.013218230567873, 0, 0, 1, },
		{ 0.99893146753311, 0, 0.046216167509556, 0, 0, 1, 0, 0, -0.046216167509556, 0, 0.99893146753311, 0, -0.014277038164437, 0, 0, 1, },
		{ 0.99905347824097, 0, 0.043498743325472, 0, 0, 1, 0, 0, -0.043498743325472, 0, 0.99905347824097, 0, -0.015335693024099, 0, 0, 1, },
		{ 0.99917024374008, 0, 0.040728218853474, 0, 0, 1, 0, 0, -0.040728218853474, 0, 0.99917024374008, 0, -0.016394499689341, 0, 0, 1, },
		{ 0.99928092956543, 0, 0.037915553897619, 0, 0, 1, 0, 0, -0.037915553897619, 0, 0.99928092956543, 0, -0.016045989468694, 0, 0, 1, },
		{ 0.99938464164734, 0, 0.035075061023235, 0, 0, 1, 0, 0, -0.035075061023235, 0, 0.99938464164734, 0, -0.015697631984949, 0, 0, 1, },
		{ 0.9994803071022, 0, 0.032234415411949, 0, 0, 1, 0, 0, -0.032234415411949, 0, 0.9994803071022, 0, -0.01534912083298, 0, 0, 1, },
		{ 0.99956703186035, 0, 0.029424587264657, 0, 0, 1, 0, 0, -0.029424587264657, 0, 0.99956703186035, 0, -0.01500060968101, 0, 0, 1, },
		{ 0.99964410066605, 0, 0.026676600798965, 0, 0, 1, 0, 0, -0.026676600798965, 0, 0.99964410066605, 0, -0.014652252197266, 0, 0, 1, },
		{ 0.99971145391464, 0, 0.024021444842219, 0, 0, 1, 0, 0, -0.024021444842219, 0, 0.99971145391464, 0, -0.014303741045296, 0, 0, 1, },
		{ 0.99976938962936, 0, 0.021472007036209, 0, 0, 1, 0, 0, -0.021472007036209, 0, 0.99976938962936, 0, -0.013955230824649, 0, 0, 1, },
		{ 0.99982005357742, 0, 0.018968475982547, 0, 0, 1, 0, 0, -0.018968475982547, 0, 0.99982005357742, 0, -0.01360671967268, 0, 0, 1, },
		{ 0.99986493587494, 0, 0.016432903707027, 0, 0, 1, 0, 0, -0.016432903707027, 0, 0.99986493587494, 0, -0.013258361257613, 0, 0, 1, },
		{ 0.99990487098694, 0, 0.013787310570478, 0, 0, 1, 0, 0, -0.013787310570478, 0, 0.99990487098694, 0, -0.012909851036966, 0, 0, 1, },
		{ 0.99993997812271, 0, 0.010953707620502, 0, 0, 1, 0, 0, -0.010953707620502, 0, 0.99993997812271, 0, -0.01050903275609, 0, 0, 1, },
		{ 0.9999685883522, 0, 0.0079242140054703, 0, 0, 1, 0, 0, -0.0079242140054703, 0, 0.9999685883522, 0, -0.0081082154065371, 0, 0, 1, },
		{ 0.99998766183853, 0, 0.0049714013002813, 0, 0, 1, 0, 0, -0.0049714013002813, 0, 0.99998766183853, 0, -0.0052383420988917, 0, 0, 1, },
		{ 0.99999701976776, 0, 0.0024379675742239, 0, 0, 1, 0, 0, -0.0024379675742239, 0, 0.99999701976776, 0, -0.0029853819869459, 0, 0, 1, },
		{ 0.99999970197678, 0, 0.00066660507582128, 0, 0, 1, 0, 0, -0.00066660507582128, 0, 0.99999970197678, 0, -0.00073257443727925, 0, 0, 1, },
		{ 1, 0, 0, 0, 0, 1, 0, 0, 0, 0, 1, 0, 0, 0, 0, 1, },
	},
}
end
