function data()
return {
	times = { 0, 41.667, 83.333, 125, 166.667, 208.333, 250, 291.667, 333.333, 375, 416.667, 458.333, 500, 541.667, 583.333, 625, 666.667, 708.333, 750, 791.667, 833.333, 875, 916.667, 958.333, 1000, 1041.667, 1083.333, 1125, 1166.667, 1208.333, 1250, 1291.667, 1333.333, 1375, 1416.667, 1458.333, 1500, 1541.667, 1583.333, 1625, 1666.667, 1708.333, 1750, 1791.667, 1833.333, 1875, 1916.667, 1958.333, 2000, 2083.333, 2125, 2166.667, 2208.333, 2250, 2291.667, 2333.333, 2375, 2416.667, 2458.333, 2500, 2541.667, 2583.333, 2625, 2666.667, 2708.333, 2750, 2791.667, 2833.333, 2875, 2916.667, 2958.333, 3000, 3041.667, 3083.333, 3125, 3166.667, 3208.333, 3250, 3291.667, 3333.333, 3375, 3416.667, 3458.333, 3500, 3541.667, 3583.333, 3625, 3666.667, 3708.333, 3750, 3791.667, 3833.333, 3875, 3916.667, 3958.333, 4000, 4041.667, 4083.333, 4125, 4166.667, },
	transfs = {
		{ 1, 0, 0, 0, 0, 1, 0, 0, 0, 0, 1, 0, 0, 0, 0, 1, },
		{ 0.99999940395355, 0, 0.0010780761949718, 0, 0, 1, 0, 0, -0.0010780761949718, 0, 0.99999940395355, 0, 0.0011221313616261, 0, 0.00074806209886447, 1, },
		{ 0.99999094009399, 0, 0.0042451438494027, 0, 0, 1, 0, 0, -0.0042451438494027, 0, 0.99999094009399, 0, 0.0022442627232522, 0, 0.0014961241977289, 1, },
		{ 0.99995583295822, 0, 0.0094003789126873, 0, 0, 1, 0, 0, -0.0094003789126873, 0, 0.99995583295822, 0, 0.0033663939684629, 0, 0.0022442627232522, 1, },
		{ 0.999864757061, 0, 0.016442699357867, 0, 0, 1, 0, 0, -0.016442699357867, 0, 0.999864757061, 0, 0.0044885254465044, 0, 0.002992324763909, 1, },
		{ 0.99968063831329, 0, 0.025270510464907, 0, 0, 1, 0, 0, -0.025270510464907, 0, 0.99968063831329, 0, 0.0063757323659956, 0, 0.0042504882439971, 1, },
		{ 0.99935960769653, 0, 0.035781424492598, 0, 0, 1, 0, 0, -0.035781424492598, 0, 0.99935960769653, 0, 0.0082629388198256, 0, 0.0055086514912546, 1, },
		{ 0.99885350465775, 0, 0.047872044146061, 0, 0, 1, 0, 0, -0.047872044146061, 0, 0.99885350465775, 0, 0.0098442072048783, 0, 0.0065628048032522, 1, },
		{ 0.99811089038849, 0, 0.061437539756298, 0, 0, 1, 0, 0, -0.061437539756298, 0, 0.99811089038849, 0, 0.011425475589931, 0, 0.00761688221246, 1, },
		{ 0.99707943201065, 0, 0.07637170702219, 0, 0, 1, 0, 0, -0.07637170702219, 0, 0.99707943201065, 0, 0.010841522365808, 0, 0.0074679562821984, 1, },
		{ 0.99570649862289, 0, 0.092566557228565, 0, 0, 1, 0, 0, -0.092566557228565, 0, 0.99570649862289, 0, 0.010257568210363, 0, 0.0073190308175981, 1, },
		{ 0.99394291639328, 0, 0.10989733040333, 0, 0, 1, 0, 0, -0.10989733040333, 0, 0.99394291639328, 0, 0.0096736140549183, 0, 0.0071700285188854, 1, },
		{ 0.9917511343956, 0, 0.12817785143852, 0, 0, 1, 0, 0, -0.12817785143852, 0, 0.9917511343956, 0, 0.0090896608307958, 0, 0.0070211025886238, 1, },
		{ 0.98910582065582, 0, 0.14720593392849, 0, 0, 1, 0, 0, -0.14720593392849, 0, 0.98910582065582, 0, 0.0085057066753507, 0, 0.0068721771240234, 1, },
		{ 0.98599410057068, 0, 0.16677969694138, 0, 0, 1, 0, 0, -0.16677969694138, 0, 0.98599410057068, 0, 0.0079217525199056, 0, 0.0067232511937618, 1, },
		{ 0.982417345047, 0, 0.186697691679, 0, 0, 1, 0, 0, -0.186697691679, 0, 0.982417345047, 0, 0.0054129026830196, 0, 0.0065742488950491, 1, },
		{ 0.97839170694351, 0, 0.20675998926163, 0, 0, 1, 0, 0, -0.20675998926163, 0, 0.97839170694351, 0, 0.0029042053502053, 0, 0.0064253234304488, 1, },
		{ 0.97394847869873, 0, 0.22676931321621, 0, 0, 1, 0, 0, -0.22676931321621, 0, 0.97394847869873, 0, 4.1961669921875e-05, 0, 0.0062763975001872, 1, },
		{ 0.96913480758667, 0, 0.24653114378452, 0, 0, 1, 0, 0, -0.24653114378452, 0, 0.96913480758667, 0, -0.0029425048269331, 0, 0.0061274715699255, 1, },
		{ 0.96401292085648, 0, 0.26585519313812, 0, 0, 1, 0, 0, -0.26585519313812, 0, 0.96401292085648, 0, -0.0059642028063536, 0, 0.0059784697368741, 1, },
		{ 0.95865952968597, 0, 0.2845556139946, 0, 0, 1, 0, 0, -0.2845556139946, 0, 0.95865952968597, 0, -0.0089382929727435, 0, 0.0058295438066125, 1, },
		{ 0.95315098762512, 0, 0.30249479413033, 0, 0, 1, 0, 0, -0.30249479413033, 0, 0.95315098762512, 0, -0.011737670749426, 0, 0.0056806183420122, 1, },
		{ 0.94751501083374, 0, 0.31971105933189, 0, 0, 1, 0, 0, -0.31971105933189, 0, 0.94751501083374, 0, -0.014537200331688, 0, 0.0055316924117506, 1, },
		{ 0.94176000356674, 0, 0.33628550171852, 0, 0, 1, 0, 0, -0.33628550171852, 0, 0.94176000356674, 0, -0.017132263630629, 0, 0.0053826901130378, 1, },
		{ 0.93588781356812, 0, 0.35229814052582, 0, 0, 1, 0, 0, -0.35229814052582, 0, 0.93588781356812, 0, -0.019727172330022, 0, 0.0052337646484375, 1, },
		{ 0.92989391088486, 0, 0.36782777309418, 0, 0, 1, 0, 0, -0.36782777309418, 0, 0.92989391088486, 0, -0.022178344428539, 0, 0.0050848387181759, 1, },
		{ 0.923768222332, 0, 0.38295191526413, 0, 0, 1, 0, 0, -0.38295191526413, 0, 0.923768222332, 0, -0.024629516527057, 0, 0.0039369198493659, 1, },
		{ 0.91749548912048, 0, 0.39774611592293, 0, 0, 1, 0, 0, -0.39774611592293, 0, 0.91749548912048, 0, -0.026997679844499, 0, 0.0027890775818378, 1, },
		{ 0.91105496883392, 0, 0.41228491067886, 0, 0, 1, 0, 0, -0.41228491067886, 0, 0.91105496883392, 0, -0.029365692287683, 0, 0.001510925241746, 1, },
		{ 0.90442138910294, 0, 0.42664021253586, 0, 0, 1, 0, 0, -0.42664021253586, 0, 0.90442138910294, 0, -0.031711425632238, 0, 0.00023269653320312, 1, },
		{ 0.8975647687912, 0, 0.44088262319565, 0, 0, 1, 0, 0, -0.44088262319565, 0, 0.8975647687912, 0, -0.034057158976793, 0, -0.001065292279236, 1, },
		{ 0.89047348499298, 0, 0.45503517985344, 0, 0, 1, 0, 0, -0.45503517985344, 0, 0.89047348499298, 0, -0.036433104425669, 0, -0.0023632810916752, 1, },
		{ 0.88322955369949, 0, 0.46894085407257, 0, 0, 1, 0, 0, -0.46894085407257, 0, 0.88322955369949, 0, -0.038809202611446, 0, -0.0036156463902444, 1, },
		{ 0.87594932317734, 0, 0.4824030995369, 0, 0, 1, 0, 0, -0.4824030995369, 0, 0.87594932317734, 0, -0.041236266493797, 0, -0.0048680114559829, 1, },
		{ 0.86876034736633, 0, 0.49523264169693, 0, 0, 1, 0, 0, -0.49523264169693, 0, 0.86876034736633, 0, -0.043663177639246, 0, -0.0060541532002389, 1, },
		{ 0.86180102825165, 0, 0.50724643468857, 0, 0, 1, 0, 0, -0.50724643468857, 0, 0.86180102825165, 0, -0.046153869479895, 0, -0.0072402954101562, 1, },
		{ 0.8552183508873, 0, 0.51826786994934, 0, 0, 1, 0, 0, -0.51826786994934, 0, 0.8552183508873, 0, -0.048644561320543, 0, -0.0083416746929288, 1, },
		{ 0.84916639328003, 0, 0.52812528610229, 0, 0, 1, 0, 0, -0.52812528610229, 0, 0.84916639328003, 0, -0.051211547106504, 0, -0.0094430539757013, 1, },
		{ 0.84380394220352, 0, 0.53665155172348, 0, 0, 1, 0, 0, -0.53665155172348, 0, 0.84380394220352, 0, -0.053778685629368, 0, -0.010441130958498, 1, },
		{ 0.83929121494293, 0, 0.54368209838867, 0, 0, 1, 0, 0, -0.54368209838867, 0, 0.83929121494293, 0, -0.056434631347656, 0, -0.011439208872616, 1, },
		{ 0.83578813076019, 0, 0.54905205965042, 0, 0, 1, 0, 0, -0.54905205965042, 0, 0.83578813076019, 0, -0.059090420603752, 0, -0.012281112372875, 1, },
		{ 0.83311712741852, 0, 0.5530965924263, 0, 0, 1, 0, 0, -0.5530965924263, 0, 0.83311712741852, 0, -0.061828918755054, 0, -0.013122939504683, 1, },
		{ 0.83096408843994, 0, 0.55632597208023, 0, 0, 1, 0, 0, -0.55632597208023, 0, 0.83096408843994, 0, -0.064567565917969, 0, -0.013964843004942, 1, },
		{ 0.82927876710892, 0, 0.55883514881134, 0, 0, 1, 0, 0, -0.55883514881134, 0, 0.82927876710892, 0, -0.067306824028492, 0, -0.014583434909582, 1, },
		{ 0.82800722122192, 0, 0.5607174038887, 0, 0, 1, 0, 0, -0.5607174038887, 0, 0.82800722122192, 0, -0.070045925676823, 0, -0.0152020258829, 1, },
		{ 0.82709354162216, 0, 0.56206423044205, 0, 0, 1, 0, 0, -0.56206423044205, 0, 0.82709354162216, 0, -0.07268463075161, 0, -0.015820616856217, 1, },
		{ 0.82660067081451, 0, 0.56278884410858, 0, 0, 1, 0, 0, -0.56278884410858, 0, 0.82660067081451, 0, -0.075323484838009, 0, -0.015582427382469, 1, },
		{ 0.82610714435577, 0, 0.56351292133331, 0, 0, 1, 0, 0, -0.56351292133331, 0, 0.82610714435577, 0, -0.077760621905327, 0, -0.015344314277172, 1, },
		{ 0.82620412111282, 0, 0.56337088346481, 0, 0, 1, 0, 0, -0.56337088346481, 0, 0.82620412111282, 0, -0.080197751522064, 0, -0.015106201171875, 1, },
		{ 0.82639789581299, 0, 0.56308656930923, 0, 0, 1, 0, 0, -0.56308656930923, 0, 0.82639789581299, 0, -0.084466859698296, 0, -0.014629821293056, 1, },
		{ 0.82649475336075, 0, 0.56294441223145, 0, 0, 1, 0, 0, -0.56294441223145, 0, 0.82649475336075, 0, -0.086215510964394, 0, -0.014391708187759, 1, },
		{ 0.82839542627335, 0, 0.56014370918274, 0, 0, 1, 0, 0, -0.56014370918274, 0, 0.82839542627335, 0, -0.087964326143265, 0, -0.014153595082462, 1, },
		{ 0.83141082525253, 0, 0.55565810203552, 0, 0, 1, 0, 0, -0.55565810203552, 0, 0.83141082525253, 0, -0.089216612279415, 0, -0.013915404677391, 1, },
		{ 0.83540797233582, 0, 0.54963028430939, 0, 0, 1, 0, 0, -0.54963028430939, 0, 0.83540797233582, 0, -0.090468898415565, 0, -0.013677215203643, 1, },
		{ 0.84024834632874, 0, 0.54220169782639, 0, 0, 1, 0, 0, -0.54220169782639, 0, 0.84024834632874, 0, -0.091721192002296, 0, -0.013439102098346, 1, },
		{ 0.84579223394394, 0, 0.53351229429245, 0, 0, 1, 0, 0, -0.53351229429245, 0, 0.84579223394394, 0, -0.091380305588245, 0, -0.011970596387982, 1, },
		{ 0.85190057754517, 0, 0.52370357513428, 0, 0, 1, 0, 0, -0.52370357513428, 0, 0.85190057754517, 0, -0.091039426624775, 0, -0.010502090677619, 1, },
		{ 0.85843652486801, 0, 0.51291984319687, 0, 0, 1, 0, 0, -0.51291984319687, 0, 0.85843652486801, 0, -0.090698391199112, 0, -0.0088254548609257, 1, },
		{ 0.8652680516243, 0, 0.50130939483643, 0, 0, 1, 0, 0, -0.50130939483643, 0, 0.8652680516243, 0, -0.090357512235641, 0, -0.0071488185785711, 1, },
		{ 0.87226980924606, 0, 0.48902490735054, 0, 0, 1, 0, 0, -0.48902490735054, 0, 0.87226980924606, 0, -0.090016633272171, 0, -0.0054055023938417, 1, },
		{ 0.87933540344238, 0, 0.47620293498039, 0, 0, 1, 0, 0, -0.47620293498039, 0, 0.87933540344238, 0, -0.089675597846508, 0, -0.0036621855106205, 1, },
		{ 0.88641333580017, 0, 0.46289446949959, 0, 0, 1, 0, 0, -0.46289446949959, 0, 0.88641333580017, 0, -0.089334711432457, 0, -0.0019921874627471, 1, },
		{ 0.89346587657928, 0, 0.44913110136986, 0, 0, 1, 0, 0, -0.44913110136986, 0, 0.89346587657928, 0, -0.088993832468987, 0, -0.00032218932756223, 1, },
		{ 0.90045684576035, 0, 0.43494537472725, 0, 0, 1, 0, 0, -0.43494537472725, 0, 0.90045684576035, 0, -0.088652953505516, 0, 0.0011362456716597, 1, },
		{ 0.90735220909119, 0, 0.42037126421928, 0, 0, 1, 0, 0, -0.42037126421928, 0, 0.90735220909119, 0, -0.088312067091465, 0, 0.0025946807581931, 1, },
		{ 0.91411972045898, 0, 0.40544420480728, 0, 0, 1, 0, 0, -0.40544420480728, 0, 0.91411972045898, 0, -0.087971039116383, 0, 0.0037032316904515, 1, },
		{ 0.92072933912277, 0, 0.39020183682442, 0, 0, 1, 0, 0, -0.39020183682442, 0, 0.92072933912277, 0, -0.087630152702332, 0, 0.0048117828555405, 1, },
		{ 0.92715340852737, 0, 0.3746819794178, 0, 0, 1, 0, 0, -0.3746819794178, 0, 0.92715340852737, 0, -0.085877992212772, 0, 0.0047058868221939, 1, },
		{ 0.93336635828018, 0, 0.35892495512962, 0, 0, 1, 0, 0, -0.35892495512962, 0, 0.93336635828018, 0, -0.084125973284245, 0, 0.0045999907888472, 1, },
		{ 0.93934571743011, 0, 0.34297177195549, 0, 0, 1, 0, 0, -0.34297177195549, 0, 0.93934571743011, 0, -0.082198485732079, 0, 0.0044940947555006, 1, },
		{ 0.94507110118866, 0, 0.32686468958855, 0, 0, 1, 0, 0, -0.32686468958855, 0, 0.94507110118866, 0, -0.080270990729332, 0, 0.0043881987221539, 1, },
		{ 0.95052522420883, 0, 0.31064715981483, 0, 0, 1, 0, 0, -0.31064715981483, 0, 0.95052522420883, 0, -0.07819152623415, 0, 0.0042823790572584, 1, },
		{ 0.95569354295731, 0, 0.29436352849007, 0, 0, 1, 0, 0, -0.29436352849007, 0, 0.95569354295731, 0, -0.07611221075058, 0, 0.0041764830239117, 1, },
		{ 0.96056389808655, 0, 0.27805927395821, 0, 0, 1, 0, 0, -0.27805927395821, 0, 0.96056389808655, 0, -0.073824614286423, 0, 0.0040705869905651, 1, },
		{ 0.96512752771378, 0, 0.2617801129818, 0, 0, 1, 0, 0, -0.2617801129818, 0, 0.96512752771378, 0, -0.071537017822266, 0, 0.0039646909572184, 1, },
		{ 0.96937811374664, 0, 0.24557296931744, 0, 0, 1, 0, 0, -0.24557296931744, 0, 0.96937811374664, 0, -0.068981476128101, 0, 0.0038587951567024, 1, },
		{ 0.97331219911575, 0, 0.2294849306345, 0, 0, 1, 0, 0, -0.2294849306345, 0, 0.97331219911575, 0, -0.066425934433937, 0, 0.0037528991233557, 1, },
		{ 0.97692918777466, 0, 0.21356347203255, 0, 0, 1, 0, 0, -0.21356347203255, 0, 0.97692918777466, 0, -0.063632197678089, 0, 0.0036470030900091, 1, },
		{ 0.98023098707199, 0, 0.19785624742508, 0, 0, 1, 0, 0, -0.19785624742508, 0, 0.98023098707199, 0, -0.060659483075142, 0, 0.0035411070566624, 1, },
		{ 0.98322236537933, 0, 0.18241114914417, 0, 0, 1, 0, 0, -0.18241114914417, 0, 0.98322236537933, 0, -0.057492978870869, 0, 0.0034352110233158, 1, },
		{ 0.9859099984169, 0, 0.16727614402771, 0, 0, 1, 0, 0, -0.16727614402771, 0, 0.9859099984169, 0, -0.054126586765051, 0, 0.0033293152227998, 1, },
		{ 0.98830366134644, 0, 0.15249893069267, 0, 0, 1, 0, 0, -0.15249893069267, 0, 0.98830366134644, 0, -0.05058852955699, 0, 0.0032234953250736, 1, },
		{ 0.99041444063187, 0, 0.13812708854675, 0, 0, 1, 0, 0, -0.13812708854675, 0, 0.99041444063187, 0, -0.046916350722313, 0, 0.0031175995245576, 1, },
		{ 0.99225622415543, 0, 0.12420788407326, 0, 0, 1, 0, 0, -0.12420788407326, 0, 0.99225622415543, 0, -0.043146971613169, 0, 0.0030117034912109, 1, },
		{ 0.9938440322876, 0, 0.11078825592995, 0, 0, 1, 0, 0, -0.11078825592995, 0, 0.9938440322876, 0, -0.039317779242992, 0, 0.0029058074578643, 1, },
		{ 0.99519473314285, 0, 0.097914822399616, 0, 0, 1, 0, 0, -0.097914822399616, 0, 0.99519473314285, 0, -0.035465698689222, 0, 0.0027999114245176, 1, },
		{ 0.99632668495178, 0, 0.085633590817451, 0, 0, 1, 0, 0, -0.085633590817451, 0, 0.99632668495178, 0, -0.031628265976906, 0, 0.0025225067511201, 1, },
		{ 0.99725890159607, 0, 0.073990203440189, 0, 0, 1, 0, 0, -0.073990203440189, 0, 0.99725890159607, 0, -0.027842711657286, 0, 0.0022451018448919, 1, },
		{ 0.99801158905029, 0, 0.063029788434505, 0, 0, 1, 0, 0, -0.063029788434505, 0, 0.99801158905029, 0, -0.024146117269993, 0, 0.0019676971714944, 1, },
		{ 0.99860525131226, 0, 0.05279690772295, 0, 0, 1, 0, 0, -0.05279690772295, 0, 0.99860525131226, 0, -0.02057571336627, 0, 0.0016902922652662, 1, },
		{ 0.9990605711937, 0, 0.043335728347301, 0, 0, 1, 0, 0, -0.043335728347301, 0, 0.9990605711937, 0, -0.01716873049736, 0, 0.0014128875918686, 1, },
		{ 0.99939805269241, 0, 0.034689910709858, 0, 0, 1, 0, 0, -0.034689910709858, 0, 0.99939805269241, 0, -0.013962402008474, 0, 0.0011354828020558, 1, },
		{ 0.99963808059692, 0, 0.026902671903372, 0, 0, 1, 0, 0, -0.026902671903372, 0, 0.99963808059692, 0, -0.010993957519531, 0, 0.00085807801224291, 1, },
		{ 0.99979966878891, 0, 0.020016906782985, 0, 0, 1, 0, 0, -0.020016906782985, 0, 0.99979966878891, 0, -0.0084565728902817, 0, 0.00073547364445403, 1, },
		{ 0.99990087747574, 0, 0.014075142331421, 0, 0, 1, 0, 0, -0.014075142331421, 0, 0.99990087747574, 0, -0.0059191891923547, 0, 0.00061294552870095, 1, },
		{ 0.9999583363533, 0, 0.0091196484863758, 0, 0, 1, 0, 0, -0.0091196484863758, 0, 0.9999583363533, 0, -0.0040808105841279, 0, 0.00049034116091207, 1, },
		{ 0.99998646974564, 0, 0.0051925084553659, 0, 0, 1, 0, 0, -0.0051925084553659, 0, 0.99998646974564, 0, -0.0022425842471421, 0, 0.00036773682222702, 1, },
		{ 0.99999725818634, 0, 0.0023356343153864, 0, 0, 1, 0, 0, -0.0023356343153864, 0, 0.99999725818634, 0, -0.0014950560871512, 0, 0.00024513245443814, 1, },
		{ 0.99999976158142, 0, 0.00059087219415233, 0, 0, 1, 0, 0, -0.00059087219415233, 0, 0.99999976158142, 0, -0.00074752804357558, 0, 0.00012260436778888, 1, },
		{ 1, 0, 0, 0, 0, 1, 0, 0, 0, 0, 1, 0, 0, 0, 0, 1, },
	},
}
end
