function data()
return {
	times = { 0, 41.667, 83.333, 125, 166.667, 208.333, 250, 291.667, 333.333, 375, 416.667, 458.333, 500, 541.667, 583.333, 625, 666.667, 708.333, 750, 791.667, 833.333, 875, 916.667, 958.333, 1000, 1041.667, 1083.333, 1125, 1166.667, 1208.333, 1250, 1291.667, 1333.333, 1375, 1416.667, 1458.333, 1500, 1541.667, 1583.333, 1625, 1666.667, 1708.333, 1750, 1791.667, 1833.333, 1875, 1916.667, 1958.333, 2000, 2041.667, 2083.333, 2125, 2166.667, 2208.333, 2250, 2291.667, 2333.333, 2375, 2416.667, 2458.333, 2500, 2541.667, 2583.333, 2625, 2666.667, 2708.333, 2750, 2791.667, 2833.333, 2875, 2916.667, 2958.333, 3000, 3041.667, 3083.333, 3125, 3166.667, 3208.333, 3250, 3291.667, 3333.333, 3375, 3416.667, 3458.333, 3500, 3541.667, 3583.333, 3625, 3666.667, 3708.333, 3750, 3791.667, 3833.333, 3875, 3916.667, 3958.333, 4000, 4041.667, 4083.333, 4166.667, },
	transfs = {
		{ 1, 0, 2.9802322387695e-08, 0, 0, 1, -8.8817841970013e-16, 0, -2.9802322387695e-08, -8.8817841970013e-16, 1, 0, 0, -7.6293943607197e-08, 7.1525569467212e-08, 1, },
		{ 0.99999952316284, -5.8317790700702e-12, -0.00098711252212524, 0, 5.8513189953036e-12, 1, 1.8987478256349e-11, 0, 0.00098711252212524, -1.8994139594497e-11, 0.99999952316284, 0, -0.0005876159411855, -7.6293943607197e-08, 0.00091605662601069, 1, },
		{ 0.99999260902405, -2.2689405909659e-11, -0.0038582980632782, 0, 2.2975399360803e-11, 1, 7.4179329345725e-11, 0, 0.0038582980632782, -7.4269035366115e-11, 0.99999260902405, 0, -0.0011755371233448, -7.6293943607197e-08, 0.0018322705291212, 1, },
		{ 0.99996411800385, -4.9480416292047e-11, -0.0084784030914307, 0, 5.0860649025708e-11, 1, 1.6289058990537e-10, 0, 0.0084784030914307, -1.6331645757983e-10, 0.99996411800385, 0, -0.0017631530063227, -7.6293943607197e-08, 0.0027484083548188, 1, },
		{ 0.99989175796509, -8.4977351544335e-11, -0.014711856842041, 0, 8.9141131975889e-11, 1, 2.8237767679684e-10, 0, 0.014711856842041, -2.8366109461331e-10, 0.99989175796509, 0, -0.0032473753672093, -7.6293943607197e-08, 0.0042737531475723, 1, },
		{ 0.99974852800369, -1.2784973080215e-10, -0.022422730922699, 0, 1.3752554650637e-10, 1, 4.2986769699382e-10, 0, 0.022422730922699, -4.328466474135e-10, 0.99974852800369, 0, -0.0047315978445113, -7.6293943607197e-08, 0.0057990215718746, 1, },
		{ 0.99950450658798, -1.7672263652457e-10, -0.031474947929382, 0, 1.9578648424723e-10, 1, 6.0256688527716e-10, 0, 0.031474947929382, -6.0843241556086e-10, 0.99950450658798, 0, -0.0061126709915698, -7.6293943607197e-08, 0.0078543806448579, 1, },
		{ 0.99912893772125, -2.3019097739052e-10, -0.041731745004654, 0, 2.6370905459316e-10, 1, 7.9765882787797e-10, 0, 0.041731745004654, -8.0797007973032e-10, 0.99912893772125, 0, -0.007493743672967, -7.6293943607197e-08, 0.0099098151549697, 1, },
		{ 0.99859154224396, -2.8686386599475e-10, -0.053055729717016, 0, 3.4105518409433e-10, 1, 1.0123231142245e-09, 0, 0.053055729717016, -1.0289946672515e-09, 0.99859154224396, 0, -0.0085864253342152, -7.6293943607197e-08, 0.011769252829254, 1, },
		{ 0.99786502122879, -3.4539479609741e-10, -0.065308451652527, 0, 4.2753356410685e-10, 1, 1.2437366692097e-09, 0, 0.065308451652527, -1.2690044570718e-09, 0.99786502122879, 0, -0.009586944244802, -7.6293943607197e-08, 0.013764263130724, 1, },
		{ 0.99692577123642, -4.0450842675455e-10, -0.078351408243179, 0, 5.2278892326285e-10, 1, 1.4890915167598e-09, 0, 0.078351408243179, -1.5254766339012e-09, 0.99692577123642, 0, -0.009820556268096, -7.6293943607197e-08, 0.015238185413182, 1, },
		{ 0.99575388431549, -4.6305892453802e-10, -0.092055819928646, 0, 6.264322394145e-10, 1, 1.7457958412237e-09, 0, 0.092055819928646, -1.7960508635895e-09, 0.99575388431549, 0, -0.010023346170783, -7.6293943607197e-08, 0.016758037731051, 1, },
		{ 0.99433046579361, -5.2016879692474e-10, -0.10633402317762, 0, 7.3830541680309e-10, 1, 2.0120487498332e-09, 0, 0.10633402317762, -2.0791497412631e-09, 0.99433046579361, 0, -0.010225982405245, -7.6293943607197e-08, 0.018277660012245, 1, },
		{ 0.99263924360275, -5.7506172046473e-10, -0.12110813707113, 0, 8.5826634688146e-10, 1, 2.286257849704e-09, 0, 0.12110813707113, -2.3733743859111e-09, 0.99263924360275, 0, -0.0094592282548547, -7.6293943607197e-08, 0.019158244132996, 1, },
		{ 0.99066758155823, -6.2703087166938e-10, -0.13630014657974, 0, 9.8609476140155e-10, 1, 2.5668458469852e-09, 0, 0.13630014657974, -2.6772977168577e-09, 0.99066758155823, 0, -0.0086923213675618, -7.6293943607197e-08, 0.020038828253746, 1, },
		{ 0.98840641975403, -6.7543837189987e-10, -0.1518315076828, 0, 1.1215028905553e-09, 1, 2.8522495476579e-09, 0, 0.1518315076828, -2.9894628994498e-09, 0.98840641975403, 0, -0.0079348748549819, -7.6293943607197e-08, 0.020905757322907, 1, },
		{ 0.98585093021393, -7.1973182969032e-10, -0.16762429475784, 0, 1.2641194757634e-09, 1, 3.1409430611973e-09, 0, 0.16762429475784, -3.3083986661353e-09, 0.98585093021393, 0, -0.0071772765368223, -7.6293943607197e-08, 0.02177245542407, 1, },
		{ 0.98300099372864, -7.5944761590563e-10, -0.18360063433647, 0, 1.4134879933181e-09, 1, 3.4314218133602e-09, 0, 0.18360063433647, -3.6326088803662e-09, 0.98300099372864, 0, -0.0064476011320949, -7.6293943607197e-08, 0.022598337382078, 1, },
		{ 0.979860663414, -7.9420203746849e-10, -0.19968277215958, 0, 1.5690648780264e-09, 1, 3.722217645219e-09, 0, 0.19968277215958, -3.9605705381973e-09, 0.979860663414, 0, -0.0057177734561265, -7.6293943607197e-08, 0.023424372076988, 1, },
		{ 0.97643899917603, -8.2371620635513e-10, -0.2157938182354, 0, 1.7302282939724e-09, 1, 4.0119059185884e-09, 0, 0.2157938182354, -4.2907548625237e-09, 0.97643899917603, 0, -0.0050344849005342, -7.6293943607197e-08, 0.024182200431824, 1, },
		{ 0.97274976968765, -8.4780177322941e-10, -0.23185764253139, 0, 1.8962573733461e-09, 1, 4.2991028514905e-09, 0, 0.23185764253139, -4.6216133142707e-09, 0.97274976968765, 0, -0.0043511963449419, -7.6293943607197e-08, 0.024939874187112, 1, },
		{ 0.96880972385406, -8.6638246576953e-10, -0.24780581891537, 0, 2.0664270294901e-09, 1, 4.5825916394904e-09, 0, 0.24780581891537, -4.951731913394e-09, 0.96880972385406, 0, -0.0037519836332649, -7.6293943607197e-08, 0.025573572143912, 1, },
		{ 0.96463280916214, -8.7947427118706e-10, -0.26359722018242, 0, 2.240225782657e-09, 1, 4.8616608516738e-09, 0, 0.26359722018242, -5.2802353600612e-09, 0.96463280916214, 0, -0.0031530761625618, -7.6293943607197e-08, 0.026207193732262, 1, },
		{ 0.96023350954056, -8.8716228807684e-10, -0.27919819951057, 0, 2.4171793455707e-09, 1, 5.1357496033688e-09, 0, 0.27919819951057, -5.6063922393434e-09, 0.96023350954056, 0, -0.0025540159549564, -7.6293943607197e-08, 0.026840891689062, 1, },
		{ 0.95562815666199, -8.8956392252371e-10, -0.29457557201385, 0, 2.5967690220341e-09, 1, 5.4043201025422e-09, 0, 0.29457557201385, -5.9294658072417e-09, 0.95562815666199, 0, -0.0021182249765843, -7.6293943607197e-08, 0.027233881875873, 1, },
		{ 0.95083516836166, -8.868425993569e-10, -0.30969721078873, 0, 2.7784563538802e-09, 1, 5.6668598702458e-09, 0, 0.30969721078873, -6.2487308660764e-09, 0.95083516836166, 0, -0.001682739239186, -7.6293943607197e-08, 0.027627024799585, 1, },
		{ 0.94587475061417, -8.792007122338e-10, -0.32453170418739, 0, 2.9616680219391e-09, 1, 5.9228844051518e-09, 0, 0.32453170418739, -6.563463106346e-09, 0.94587475061417, 0, -0.0012472533853725, -7.6293943607197e-08, 0.028020014986396, 1, },
		{ 0.94076877832413, -8.6687990119572e-10, -0.33904874324799, 0, 3.1457998428408e-09, 1, 6.1719407362659e-09, 0, 0.33904874324799, -6.8729493207798e-09, 0.94076877832413, 0, -0.00081176753155887, -7.6293943607197e-08, 0.028413156047463, 1, },
		{ 0.93554079532623, -8.501572779096e-10, -0.3532187640667, 0, 3.3302249846656e-09, 1, 6.4135994293224e-09, 0, 0.3532187640667, -7.176481631177e-09, 0.93554079532623, 0, -0.00078826904064044, -7.6293943607197e-08, 0.028199456632137, 1, },
		{ 0.930215716362, -8.2934542566804e-10, -0.36701327562332, 0, 3.5142944110333e-09, 1, 6.6474590276755e-09, 0, 0.36701327562332, -7.473364149746e-09, 0.930215716362, 0, -0.00076507567428052, -7.6293943607197e-08, 0.027985759079456, 1, },
		{ 0.92482018470764, -8.04792676945e-10, -0.38040456175804, 0, 3.6973375472371e-09, 1, 6.8731464963889e-09, 0, 0.38040456175804, -7.7629085382114e-09, 0.92482018470764, 0, -0.00074172974564135, -7.6293943607197e-08, 0.027772210538387, 1, },
		{ 0.91937398910522, -7.7683276478169e-10, -0.39338451623917, 0, 3.8789149670038e-09, 1, 7.0906196469878e-09, 0, 0.39338451623917, -8.0448359085494e-09, 0.91937398910522, 0, -0.00071838375879452, -7.6293943607197e-08, 0.027558512985706, 1, },
		{ 0.91386538743973, -7.4561512519722e-10, -0.40601715445518, 0, 4.0596415118443e-09, 1, 7.301042437291e-09, 0, 0.40601715445518, -8.3204536593939e-09, 0.91386538743973, 0, -0.00069503783015534, -7.6293943607197e-08, 0.027344889938831, 1, },
		{ 0.90827035903931, -7.1116090794021e-10, -0.41838356852531, 0, 4.2404533218132e-09, 1, 7.5058341764134e-09, 0, 0.41838356852531, -8.5914626524186e-09, 0.90827035903931, 0, 0.00071350095095113, -7.6293943607197e-08, 0.026189951226115, 1, },
		{ 0.90256053209305, -6.733884561072e-10, -0.43056303262711, 0, 4.4223709139146e-09, 1, 7.7063448955528e-09, 0, 0.43056303262711, -8.8595522029777e-09, 0.90256053209305, 0, 0.0021220396738499, -7.6293943607197e-08, 0.025035090744495, 1, },
		{ 0.89670306444168, -6.3212718393046e-10, -0.44263261556625, 0, 4.6064752012853e-09, 1, 7.9038731115588e-09, 0, 0.44263261556625, -9.1264027446414e-09, 0.89670306444168, 0, 0.0039465329609811, -7.6293943607197e-08, 0.023597482591867, 1, },
		{ 0.8906609416008, -5.8711435713121e-10, -0.45466795563698, 0, 4.7939296976551e-09, 1, 8.0996507278996e-09, 0, 0.45466795563698, -9.3936876055523e-09, 0.8906609416008, 0, 0.0057708737440407, -7.6293943607197e-08, 0.022159952670336, 1, },
		{ 0.88439333438873, -5.3799098509444e-10, -0.46674245595932, 0, 4.9859552042619e-09, 1, 8.2948421464835e-09, 0, 0.46674245595932, -9.6630596857494e-09, 0.88439333438873, 0, 0.0078527834266424, -7.6293943607197e-08, 0.020547479391098, 1, },
		{ 0.87785476446152, -4.8430770505092e-10, -0.47892698645592, 0, 5.1838444647956e-09, 1, 8.4905487085507e-09, 0, 0.47892698645592, -9.9361514571683e-09, 0.87785476446152, 0, 0.0099345399066806, -7.6293943607197e-08, 0.018935160711408, 1, },
		{ 0.87099599838257, -4.2552095180781e-10, -0.49129015207291, 0, 5.3889497309001e-09, 1, 8.687798036533e-09, 0, 0.49129015207291, -1.0214574963641e-08, 0.87099599838257, 0, 0.012115020304918, -7.6293943607197e-08, 0.017255702987313, 1, },
		{ 0.86376321315765, -3.6098946054608e-10, -0.50389778614044, 0, 5.6026951966714e-09, 1, 8.8875378168041e-09, 0, 0.50389778614044, -1.0499913827289e-08, 0.86376321315765, 0, 0.014295501634479, -7.6293943607197e-08, 0.015576167963445, 1, },
		{ 0.85622441768646, -2.9115018729264e-10, -0.51660406589508, 0, 5.822914594944e-09, 1, 9.0873637503819e-09, 0, 0.51660406589508, -1.0788961724018e-08, 0.85622441768646, 0, 0.016435546800494, -7.6293943607197e-08, 0.013924251310527, 1, },
		{ 0.84896981716156, -2.2163959556565e-10, -0.52844125032425, 0, 6.0325202611011e-09, 1, 9.2721528233142e-09, 0, 0.52844125032425, -1.1059608340247e-08, 0.84896981716156, 0, 0.018575439229608, -7.6293943607197e-08, 0.012272411026061, 1, },
		{ 0.84277325868607, -1.6058443463862e-10, -0.53826886415482, 0, 6.2098832742663e-09, 1, 9.4245411474958e-09, 0, 0.53826886415482, -1.12853353329e-08, 0.84277325868607, 0, 0.020611418411136, -7.6293943607197e-08, 0.010691067203879, 1, },
		{ 0.83845174312592, -1.1714007541741e-10, -0.54497575759888, 0, 6.3327036947669e-09, 1, 9.5279926171088e-09, 0, 0.54497575759888, -1.143993344499e-08, 0.83845174312592, 0, 0.02285491861403, -7.6293943607197e-08, 0.0094148963689804, 1, },
		{ 0.83683234453201, -1.0068212236147e-10, -0.54745930433273, 0, 6.37855812613e-09, 1, 9.5661878418696e-09, 0, 0.54745930433273, -1.1497293783691e-08, 0.83683234453201, 0, 0.024951171129942, -7.6293943607197e-08, 0.0082389023154974, 1, },
		{ 0.83683800697327, -1.0074252543291e-10, -0.54745066165924, 0, 6.3783955894792e-09, 1, 9.5660528387498e-09, 0, 0.54745066165924, -1.1497093055368e-08, 0.83683800697327, 0, 0.02704711817205, -7.6293943607197e-08, 0.0070629832334816, 1, },
		{ 0.83684372901917, -1.0079936885177e-10, -0.5474419593811, 0, 6.3782348291852e-09, 1, 9.5659196119868e-09, 0, 0.5474419593811, -1.1496892327045e-08, 0.83684372901917, 0, 0.028968505561352, -7.6293943607197e-08, 0.0060057020746171, 1, },
		{ 0.83687072992325, -1.0107470416187e-10, -0.54740065336227, 0, 6.3774709957443e-09, 1, 9.5652854525952e-09, 0, 0.54740065336227, -1.1495935758887e-08, 0.83687072992325, 0, 0.030889891088009, -7.6293943607197e-08, 0.0049485731869936, 1, },
		{ 0.8369232416153, -1.0161115698848e-10, -0.54732018709183, 0, 6.3759837409805e-09, 1, 9.5640491082349e-09, 0, 0.54732018709183, -1.1494078577812e-08, 0.8369232416153, 0, 0.032624509185553, -7.6293943607197e-08, 0.0040180920623243, 1, },
		{ 0.83701002597809, -1.0249578963339e-10, -0.5471875667572, 0, 6.3735288158284e-09, 1, 9.5620098505833e-09, 0, 0.5471875667572, -1.1491014362264e-08, 0.83701002597809, 0, 0.034359283745289, -7.6293943607197e-08, 0.0030877636745572, 1, },
		{ 0.8380081653595, -1.1264233990005e-10, -0.5456577539444, 0, 6.345276304387e-09, 1, 9.538487333316e-09, 0, 0.5456577539444, -1.1455678183836e-08, 0.8380081653595, 0, 0.03594421222806, -7.6293943607197e-08, 0.0022591352462769, 1, },
		{ 0.84039866924286, -1.3680079291589e-10, -0.54196870326996, 0, 6.2774585529723e-09, 1, 9.4816643425588e-09, 0, 0.54196870326996, -1.1370563157698e-08, 0.84039866924286, 0, 0.037528991699219, -7.6293943607197e-08, 0.001430582953617, 1, },
		{ 0.84359443187714, -1.6876278152722e-10, -0.53698086738586, 0, 6.1864615652496e-09, 1, 9.4046228582556e-09, 0, 0.53698086738586, -1.1255698595392e-08, 0.84359443187714, 0, 0.039192199707031, -7.6293943607197e-08, 0.00054870126768947, 1, },
		{ 0.84701925516129, -2.0258282551477e-10, -0.53156220912933, 0, 6.0885123609467e-09, 1, 9.3206491413866e-09, 0, 0.53156220912933, -1.1131191079983e-08, 0.84701925516129, 0, 0.040855102241039, -7.6293943607197e-08, -0.00033287523547187, 1, },
		{ 0.85011720657349, -2.327773390709e-10, -0.5265936255455, 0, 5.9995155510251e-09, 1, 9.243397158798e-09, 0, 0.5265936255455, -1.1017275980407e-08, 0.85011720657349, 0, 0.042847443372011, -7.6293943607197e-08, -0.0014383745146915, 1, },
		{ 0.8525218963623, -2.5594637520499e-10, -0.52269160747528, 0, 5.9301652477473e-09, 1, 9.1825640424759e-09, 0, 0.52269160747528, -1.0927982074804e-08, 0.8525218963623, 0, 0.044839780777693, -7.6293943607197e-08, -0.0025437974836677, 1, },
		{ 0.85455030202866, -2.7530511204077e-10, -0.51936858892441, 0, 5.8714784145764e-09, 1, 9.1306411320602e-09, 0, 0.51936858892441, -1.0852050813526e-08, 0.85455030202866, 0, 0.04684692248702, -7.6293943607197e-08, -0.0036592911928892, 1, },
		{ 0.85667735338211, -2.9541702417646e-10, -0.51585268974304, 0, 5.8097544552993e-09, 1, 9.0755882808935e-09, 0, 0.51585268974304, -1.0771827874123e-08, 0.85667735338211, 0, 0.048854064196348, -7.6293943607197e-08, -0.0047748610377312, 1, },
		{ 0.8593642115593, -3.2054536802661e-10, -0.5113639831543, 0, 5.73150238381e-09, 1, 9.0051379686429e-09, 0, 0.5113639831543, -1.0669574557198e-08, 0.8593642115593, 0, 0.050047300755978, -7.6293943607197e-08, -0.0043796584941447, 1, },
		{ 0.86305409669876, -3.5452885072118e-10, -0.50511163473129, 0, 5.6235212042566e-09, 1, 8.9066922726033e-09, 0, 0.50511163473129, -1.0527461569154e-08, 0.86305409669876, 0, 0.051240384578705, -7.6293943607197e-08, -0.0039845323190093, 1, },
		{ 0.86805438995361, -3.9958081288205e-10, -0.49646896123886, 0, 5.4761830625694e-09, 1, 8.7700193773799e-09, 0, 0.49646896123886, -1.0331609345826e-08, 0.86805438995361, 0, 0.051749877631664, -7.6293943607197e-08, -0.0045957993716002, 1, },
		{ 0.87422549724579, -4.5350567745572e-10, -0.48552021384239, 0, 5.2926774074535e-09, 1, 8.5959097617661e-09, 0, 0.48552021384239, -1.008446481876e-08, 0.87422549724579, 0, 0.052259061485529, -7.6293943607197e-08, -0.005207066424191, 1, },
		{ 0.88131523132324, -5.1301718428931e-10, -0.47252890467644, 0, 5.0794133343857e-09, 1, 8.3879445611501e-09, 0, 0.47252890467644, -9.7925916264785e-09, 0.88131523132324, 0, 0.051931150257587, -7.6293943607197e-08, -0.0052494094707072, 1, },
		{ 0.88907414674759, -5.7490368021718e-10, -0.45776325464249, 0, 4.8427741816681e-09, 1, 8.1498043869033e-09, 0, 0.45776325464249, -9.4626226854189e-09, 0.88907414674759, 0, 0.051603391766548, -7.6293943607197e-08, -0.0052919052541256, 1, },
		{ 0.89726179838181, -6.3616661938326e-10, -0.4414989054203, 0, 4.589019830803e-09, 1, 7.8853688023628e-09, 0, 0.4414989054203, -9.1012877234675e-09, 0.89726179838181, 0, 0.051275633275509, -7.6293943607197e-08, -0.0053343246690929, 1, },
		{ 0.90565180778503, -6.9415051484611e-10, -0.42402213811874, 0, 4.3241956682039e-09, 1, 7.5988104697444e-09, 0, 0.42402213811874, -8.7154301553483e-09, 0.90565180778503, 0, 0.050947722047567, -7.6293943607197e-08, -0.0053767440840602, 1, },
		{ 0.91403675079346, -7.4662764859568e-10, -0.40563121438026, 0, 4.054060198655e-09, 1, 7.2946337859037e-09, 0, 0.40563121438026, -8.3120159644068e-09, 0.91403675079346, 0, 0.050619963556528, -7.6293943607197e-08, -0.0054190871305764, 1, },
		{ 0.9222320318222, -7.9188383628193e-10, -0.38663697242737, 0, 3.7840077737883e-09, 1, 6.9777272848626e-09, 0, 0.38663697242737, -7.898119491756e-09, 0.9222320318222, 0, 0.050292205065489, -7.6293943607197e-08, -0.0054615829139948, 1, },
		{ 0.9300776720047, -8.2875928342219e-10, -0.36736285686493, 0, 3.5190197422708e-09, 1, 6.6533680787018e-09, 0, 0.36736285686493, -7.4809065608861e-09, 0.9300776720047, 0, 0.049964293837547, -7.6293943607197e-08, -0.0055040023289621, 1, },
		{ 0.93744117021561, -8.566853892944e-10, -0.3481437265873, 0, 3.2636326974256e-09, 1, 6.3272138639547e-09, 0, 0.3481437265873, -7.0676047236873e-09, 0.93744117021561, 0, 0.049502868205309, -7.6293943607197e-08, -0.0057431077584624, 1, },
		{ 0.94423806667328, -8.7571550011489e-10, -0.32926338911057, 0, 3.0211513291079e-09, 1, 6.0042255611847e-09, 0, 0.32926338911057, -6.6641732132666e-09, 0.94423806667328, 0, 0.049041442573071, -7.6293943607197e-08, -0.0059822890907526, 1, },
		{ 0.95048648118973, -8.8645885076843e-10, -0.31076589226723, 0, 2.7914897060555e-09, 1, 5.6853557417469e-09, 0, 0.31076589226723, -6.2713527704261e-09, 0.95048648118973, 0, 0.048580016940832, -7.6293943607197e-08, -0.0062213181518018, 1, },
		{ 0.95622491836548, -8.895479908233e-10, -0.29263252019882, 0, 2.5737900699596e-09, 1, 5.3704729552351e-09, 0, 0.29263252019882, -5.8885554210519e-09, 0.95622491836548, 0, 0.048118438571692, -7.6293943607197e-08, -0.006460347212851, 1, },
		{ 0.96148931980133, -8.8554408250729e-10, -0.27484238147736, 0, 2.3672441784583e-09, 1, 5.0593871314675e-09, 0, 0.27484238147736, -5.5151661015884e-09, 0.96148931980133, 0, 0.047657012939453, -7.6293943607197e-08, -0.006699375808239, 1, },
		{ 0.96631228923798, -8.7494811396027e-10, -0.2573726773262, 0, 2.1710864217539e-09, 1, 4.7518535772895e-09, 0, 0.2573726773262, -5.1505533171792e-09, 0.96631228923798, 0, 0.047033842653036, -7.6293943607197e-08, -0.0071766707114875, 1, },
		{ 0.97072374820709, -8.5818818718053e-10, -0.240198969841, 0, 1.9845938226126e-09, 1, 4.4475787497333e-09, 0, 0.240198969841, -4.7940686975778e-09, 0.97072374820709, 0, 0.046410519629717, -7.6293943607197e-08, -0.0076538897119462, 1, },
		{ 0.9747508764267, -8.3563017616584e-10, -0.22329498827457, 0, 1.8070878127219e-09, 1, 4.1462207001075e-09, 0, 0.22329498827457, -4.4450474412372e-09, 0.9747508764267, 0, 0.044900357723236, -7.6293943607197e-08, -0.007528462447226, 1, },
		{ 0.97841835021973, -8.0758860709906e-10, -0.20663356781006, 0, 1.6379413381173e-09, 1, 3.8474001762268e-09, 0, 0.20663356781006, -4.1028211938965e-09, 0.97841835021973, 0, 0.043212279677391, -7.6293943607197e-08, -0.0076646469533443, 1, },
		{ 0.98174810409546, -7.7431394629457e-10, -0.19018605351448, 0, 1.476557542901e-09, 1, 3.5506944051633e-09, 0, 0.19018605351448, -3.7667082786186e-09, 0.98174810409546, 0, 0.041524350643158, -7.6293943607197e-08, -0.0078009078279138, 1, },
		{ 0.98475933074951, -7.3600503469606e-10, -0.17392292618752, 0, 1.3223927508577e-09, 1, 3.2556513041015e-09, 0, 0.17392292618752, -3.4360279066448e-09, 0.98475933074951, 0, 0.039558563381433, -7.6293943607197e-08, -0.0081401104107499, 1, },
		{ 0.98746514320374, -6.9287331427859e-10, -0.15783753991127, 0, 1.1751506434621e-09, 1, 2.9622218011838e-09, 0, 0.15783753991127, -3.1105740205817e-09, 0.98746514320374, 0, 0.037592772394419, -7.6293943607197e-08, -0.0084792375564575, 1, },
		{ 0.98986393213272, -6.4541083588665e-10, -0.14201867580414, 0, 1.0353939927654e-09, 1, 2.6721018731024e-09, 0, 0.14201867580414, -2.7920630252254e-09, 0.98986393213272, 0, 0.035487364977598, -7.6293943607197e-08, -0.0090239765122533, 1, },
		{ 0.99195641279221, -5.9430327326027e-10, -0.12657958269119, 0, 9.0377832995259e-10, 1, 2.3874746624131e-09, 0, 0.12657958269119, -2.482671623838e-09, 0.99195641279221, 0, 0.033304441720247, -7.6293943607197e-08, -0.0095163006335497, 1, },
		{ 0.99374932050705, -5.4035353969084e-10, -0.11163382977247, 0, 7.8084561039304e-10, 1, 2.1105663883247e-09, 0, 0.11163382977247, -2.1845432129908e-09, 0.99374932050705, 0, 0.031100157648325, -7.6293943607197e-08, -0.010039827786386, 1, },
		{ 0.99525552988052, -4.8447645895067e-10, -0.097294926643372, 0, 6.6701844048112e-10, 1, 1.8436341342465e-09, 0, 0.097294926643372, -1.8997861062076e-09, 0.99525552988052, 0, 0.02876022271812, -7.6293943607197e-08, -0.010471193119884, 1, },
		{ 0.99649310112, -4.276934362224e-10, -0.083676151931286, 0, 5.626237253864e-10, 1, 1.5889648485867e-09, 0, 0.083676151931286, -1.6304726457861e-09, 0.99649310112, 0, 0.026520689949393, -7.6293943607197e-08, -0.010754930786788, 1, },
		{ 0.99748420715332, -3.7109690320669e-10, -0.070890069007874, 0, 4.678959442117e-10, 1, 1.3488592465194e-09, 0, 0.070890069007874, -1.3786354280398e-09, 0.99748420715332, 0, 0.02408080920577, -7.6293943607197e-08, -0.010902559384704, 1, },
		{ 0.99825513362885, -3.1585756232744e-10, -0.059049099683762, 0, 3.8299496907257e-10, 1, 1.1256298115825e-09, 0, 0.059049099683762, -1.1462826243758e-09, 0.99825513362885, 0, 0.021863097324967, -7.6293943607197e-08, -0.010723574087024, 1, },
		{ 0.99883460998535, -2.6319035839606e-10, -0.04826482757926, 0, 3.0803093409304e-10, 1, 9.2159702091976e-10, 0, 0.04826482757926, -9.3539087586691e-10, 0.99883460998535, 0, 0.019380340352654, -7.6293943607197e-08, -0.010364457964897, 1, },
		{ 0.99925285577774, -2.1433164965057e-10, -0.038648128509521, 0, 2.4307489354669e-10, 1, 7.3907191477929e-10, 0, 0.038648128509521, -7.4791500770388e-10, 0.99925285577774, 0, 0.017294311895967, -7.6293943607197e-08, -0.009421544149518, 1, },
		{ 0.99954146146774, -1.7035262089848e-10, -0.030278295278549, 0, 1.8799360679278e-10, 1, 5.797651247974e-10, 0, 0.030278295278549, -5.8519278312019e-10, 0.99954146146774, 0, 0.014938201755285, -7.6293943607197e-08, -0.0082952165976167, 1, },
		{ 0.99973285198212, -1.3162448908588e-10, -0.023111522197723, 0, 1.4190248975865e-10, 1, 4.4302603252611e-10, 0, 0.023111522197723, -4.4618930772344e-10, 0.99973285198212, 0, 0.012582091614604, -7.6293943607197e-08, -0.0071687363088131, 1, },
		{ 0.99985420703888, -9.8223651434637e-11, -0.01707249879837, 0, 1.0382983361978e-10, 1, 3.2756863888039e-10, 0, 0.01707249879837, -3.2929525772829e-10, 0.99985420703888, 0, 0.010189666412771, -7.6293943607197e-08, -0.0060177659615874, 1, },
		{ 0.99992686510086, -7.0111028094288e-11, -0.012085556983948, 0, 7.2923000971059e-11, 1, 2.3206370158846e-10, 0, 0.012085556983948, -2.3292967554767e-10, 0.99992686510086, 0, 0.0077972412109375, -7.6293943607197e-08, -0.0048666428774595, 1, },
		{ 0.99996745586395, -4.7156945015558e-11, -0.008075088262558, 0, 4.8411052944175e-11, 1, 1.5515100315611e-10, 0, 0.008075088262558, -1.5553780485789e-10, 0.99996745586395, 0, 0.0058493041433394, -7.6293943607197e-08, -0.003614888060838, 1, },
		{ 0.99998766183853, -2.9141133950361e-11, -0.0049647390842438, 0, 2.961719758332e-11, 1, 9.5436103464408e-11, 0, 0.0049647390842438, -9.5583978232394e-11, 0.99998766183853, 0, 0.0039013670757413, -7.6293943607197e-08, -0.0023632096126676, 1, },
		{ 0.99999642372131, -1.5779376069669e-11, -0.0026783344801515, 0, 1.5919709994705e-11, 1, 5.1502357933941e-11, 0, 0.0026783344801515, -5.1547655033346e-11, 0.99999642372131, 0, 0.0025039671454579, -7.6293943607197e-08, -0.0014856767375022, 1, },
		{ 0.99999940395355, -6.7306160644875e-12, -0.0011394917964935, 0, 6.7554850602392e-12, 1, 2.191669068452e-11, 0, 0.0011394917964935, -2.1926016557927e-11, 0.99999940395355, 0, 0.0011065673315898, -7.6293943607197e-08, -0.0006079149316065, 1, },
		{ 1, 0, 2.9802322387695e-08, 0, 0, 1, -8.8817841970013e-16, 0, -2.9802322387695e-08, -8.8817841970013e-16, 1, 0, 0, -7.6293943607197e-08, 7.1525569467212e-08, 1, },
	},
}
end
